0.000000 -0.250000 -0.875000 3.141500
0.064000 -0.250000 -0.875000 3.141500
0.128000 -0.250000 -0.875000 3.141500
0.192000 -0.250000 -0.875000 3.141500
0.256000 -0.250000 -0.875000 3.141500
0.320000 -0.250000 -0.875000 3.141500
0.384000 -0.250000 -0.875000 3.141500
0.448000 -0.250000 -0.875000 3.141500
0.512000 -0.250000 -0.875000 3.141500
0.576000 -0.250000 -0.875000 3.141500
0.640000 -0.250000 -0.875000 3.141500
0.704000 -0.250000 -0.875000 3.141500
0.768000 -0.250000 -0.875000 3.141500
0.832000 -0.250000 -0.875000 3.141500
0.896000 -0.250000 -0.875000 3.141500
0.960000 -0.250000 -0.875000 3.141500
1.024000 -0.250000 -0.875000 3.141500
1.088000 -0.250000 -0.875000 3.141500
1.152000 -0.248392 -0.875000 3.141501
1.216000 -0.246785 -0.875000 3.141503
1.280000 -0.245177 -0.875000 3.141504
1.344000 -0.243569 -0.875001 3.141504
1.408000 -0.241962 -0.875001 3.141505
1.472000 -0.240354 -0.875001 3.141506
1.536000 -0.238746 -0.875001 3.141506
1.600000 -0.237139 -0.875001 3.141507
1.664000 -0.235531 -0.875001 3.141507
1.728000 -0.233923 -0.875001 3.141507
1.792000 -0.232316 -0.875002 3.141508
1.856000 -0.230708 -0.875002 3.141508
1.920000 -0.229100 -0.875002 3.141508
1.984000 -0.227493 -0.875002 3.141508
2.048000 -0.225885 -0.875002 3.141508
2.112000 -0.224277 -0.875002 3.141508
2.176000 -0.222669 -0.875002 3.141508
2.240000 -0.221062 -0.875002 3.141508
2.304000 -0.219454 -0.875003 3.141508
2.368000 -0.217846 -0.875003 3.141508
2.431999 -0.216239 -0.875003 3.141507
2.495999 -0.214631 -0.875003 3.141507
2.559999 -0.213023 -0.875003 3.141507
2.623999 -0.211416 -0.875003 3.141506
2.687999 -0.209808 -0.875003 3.141506
2.751999 -0.208200 -0.875004 3.141506
2.815999 -0.206593 -0.875004 3.141505
2.879999 -0.204985 -0.875004 3.141504
2.943999 -0.203377 -0.875004 3.141504
3.007998 -0.201770 -0.875004 3.141503
3.071998 -0.200162 -0.875004 3.141503
3.135998 -0.198554 -0.875004 3.141502
3.199998 -0.196947 -0.875005 3.141501
3.263998 -0.195339 -0.875005 3.141501
3.327998 -0.193731 -0.875005 3.141500
3.391998 -0.192124 -0.875005 3.141499
3.455998 -0.190516 -0.875005 3.141499
3.519998 -0.188908 -0.875005 3.141498
3.583997 -0.187301 -0.875005 3.141497
3.647997 -0.185693 -0.875006 3.141497
3.711997 -0.184085 -0.875006 3.141496
3.775997 -0.182477 -0.875006 3.141496
3.839997 -0.180870 -0.875006 3.141495
3.903997 -0.179262 -0.875006 3.141495
3.967997 -0.177654 -0.875006 3.141494
4.031997 -0.176047 -0.875007 3.141494
4.095997 -0.174439 -0.875007 3.141493
4.159997 -0.172831 -0.875007 3.141493
4.223997 -0.171224 -0.875007 3.141492
4.287997 -0.169616 -0.875007 3.141492
4.351997 -0.168008 -0.875007 3.141492
4.415998 -0.166401 -0.875008 3.141492
4.479998 -0.164793 -0.875008 3.141492
4.543998 -0.163185 -0.875008 3.141492
4.607998 -0.161578 -0.875008 3.141492
4.671998 -0.159970 -0.875008 3.141492
4.735998 -0.158362 -0.875008 3.141492
4.799998 -0.156755 -0.875009 3.141492
4.863998 -0.155147 -0.875009 3.141492
4.927999 -0.153539 -0.875009 3.141492
4.991999 -0.151932 -0.875009 3.141493
5.055999 -0.150324 -0.875009 3.141493
5.119999 -0.148716 -0.875009 3.141494
5.183999 -0.147109 -0.875009 3.141494
5.247999 -0.145501 -0.875010 3.141494
5.311999 -0.143893 -0.875010 3.141495
5.375999 -0.142285 -0.875010 3.141495
5.440000 -0.140678 -0.875010 3.141496
5.504000 -0.139070 -0.875010 3.141497
5.568000 -0.137462 -0.875010 3.141497
5.632000 -0.135855 -0.875011 3.141498
5.696000 -0.134247 -0.875011 3.141499
5.760000 -0.132639 -0.875011 3.141499
5.824000 -0.131032 -0.875011 3.141500
5.888000 -0.129424 -0.875011 3.141501
5.952001 -0.127816 -0.875011 3.141501
6.016001 -0.126209 -0.875011 3.141502
6.080001 -0.124601 -0.875012 3.141503
6.144001 -0.122993 -0.875012 3.141503
6.208001 -0.121386 -0.875012 3.141504
6.272001 -0.119778 -0.875012 3.141504
6.336001 -0.118170 -0.875012 3.141505
6.400002 -0.116563 -0.875012 3.141505
6.464002 -0.114955 -0.875012 3.141506
6.528002 -0.113347 -0.875013 3.141506
6.592002 -0.111740 -0.875013 3.141507
6.656002 -0.110132 -0.875013 3.141507
6.720002 -0.108524 -0.875013 3.141507
6.784002 -0.106917 -0.875013 3.141508
6.848002 -0.105309 -0.875013 3.141508
6.912003 -0.103701 -0.875013 3.141508
6.976003 -0.102093 -0.875014 3.141508
7.040003 -0.100486 -0.875014 3.141508
7.104003 -0.098878 -0.875014 3.141508
7.168003 -0.097270 -0.875014 3.141508
7.232003 -0.095663 -0.875014 3.141508
7.296003 -0.094055 -0.875014 3.141508
7.360003 -0.092447 -0.875014 3.141508
7.424004 -0.090840 -0.875015 3.141508
7.488004 -0.089232 -0.875015 3.141507
7.552004 -0.087624 -0.875015 3.141507
7.616004 -0.086017 -0.875015 3.141506
7.680004 -0.084409 -0.875015 3.141506
7.744004 -0.082801 -0.875015 3.141506
7.808004 -0.081194 -0.875015 3.141505
7.872005 -0.079586 -0.875015 3.141505
7.936005 -0.077978 -0.875016 3.141504
8.000005 -0.076371 -0.875016 3.141503
8.064005 -0.074763 -0.875016 3.141503
8.128005 -0.073155 -0.875016 3.141502
8.192005 -0.071548 -0.875016 3.141501
8.256005 -0.069940 -0.875016 3.141501
8.320005 -0.068332 -0.875017 3.141500
8.384006 -0.066725 -0.875017 3.141499
8.448006 -0.065117 -0.875017 3.141499
8.512006 -0.063509 -0.875017 3.141498
8.576006 -0.061901 -0.875017 3.141498
8.640006 -0.060294 -0.875017 3.141497
8.704006 -0.058686 -0.875017 3.141496
8.768006 -0.057078 -0.875018 3.141496
8.832006 -0.055471 -0.875018 3.141495
8.896007 -0.053863 -0.875018 3.141495
8.960007 -0.052255 -0.875018 3.141494
9.024007 -0.050648 -0.875018 3.141494
9.088007 -0.049040 -0.875018 3.141493
9.152007 -0.047432 -0.875019 3.141493
9.216007 -0.045825 -0.875019 3.141493
9.280007 -0.044217 -0.875019 3.141492
9.344007 -0.042609 -0.875019 3.141492
9.408008 -0.041002 -0.875019 3.141492
9.472008 -0.039394 -0.875019 3.141492
9.536008 -0.037786 -0.875020 3.141492
9.600008 -0.036179 -0.875020 3.141492
9.664008 -0.034571 -0.875020 3.141492
9.728008 -0.032963 -0.875020 3.141492
9.792008 -0.031356 -0.875020 3.141492
9.856009 -0.029748 -0.875020 3.141492
9.920009 -0.028140 -0.875020 3.141492
9.984009 -0.026533 -0.875021 3.141493
10.048009 -0.024925 -0.875021 3.141493
10.112009 -0.023317 -0.875021 3.141493
10.176009 -0.021709 -0.875021 3.141494
10.240009 -0.020102 -0.875021 3.141494
10.304009 -0.018494 -0.875021 3.141495
10.368010 -0.016886 -0.875022 3.141495
10.432010 -0.015279 -0.875022 3.141496
10.496010 -0.013671 -0.875022 3.141497
10.560010 -0.012063 -0.875022 3.141497
10.624010 -0.010456 -0.875022 3.141498
10.688010 -0.008848 -0.875022 3.141498
10.752010 -0.007240 -0.875023 3.141499
10.816010 -0.005633 -0.875023 3.141500
10.880011 -0.004025 -0.875023 3.141500
10.944011 -0.002417 -0.875023 3.141501
11.008011 -0.000810 -0.875023 3.141502
11.072011 0.000798 -0.875023 3.141502
11.136011 0.002406 -0.875023 3.141503
11.200011 0.004013 -0.875024 3.141504
11.264011 0.005621 -0.875024 3.141504
11.328012 0.007229 -0.875024 3.141505
11.392012 0.008836 -0.875024 3.141505
11.456012 0.010444 -0.875024 3.141506
11.520012 0.012052 -0.875024 3.141506
11.584012 0.013659 -0.875024 3.141507
11.648012 0.015267 -0.875025 3.141507
11.712012 0.016875 -0.875025 3.141507
11.776012 0.018482 -0.875025 3.141508
11.840013 0.020090 -0.875025 3.141508
11.904013 0.021698 -0.875025 3.141508
11.968013 0.023306 -0.875025 3.141508
12.032013 0.024913 -0.875025 3.141508
12.096013 0.026521 -0.875025 3.141508
12.160013 0.028129 -0.875026 3.141508
12.224013 0.029736 -0.875026 3.141508
12.288013 0.031344 -0.875026 3.141508
12.352014 0.032952 -0.875026 3.141508
12.416014 0.034559 -0.875026 3.141508
12.480014 0.036167 -0.875026 3.141507
12.544014 0.037775 -0.875026 3.141507
12.608014 0.039382 -0.875027 3.141507
12.672014 0.040990 -0.875027 3.141506
12.736014 0.042598 -0.875027 3.141506
12.800014 0.044205 -0.875027 3.141505
12.864015 0.045813 -0.875027 3.141505
12.928015 0.047421 -0.875027 3.141504
12.992015 0.049028 -0.875027 3.141503
13.056015 0.050636 -0.875028 3.141503
13.120015 0.052244 -0.875028 3.141502
13.184015 0.053851 -0.875028 3.141502
13.248015 0.055459 -0.875028 3.141501
13.312016 0.057067 -0.875028 3.141500
13.376016 0.058674 -0.875028 3.141500
13.440016 0.060282 -0.875028 3.141499
13.504016 0.061890 -0.875029 3.141498
13.568016 0.063498 -0.875029 3.141498
13.632016 0.065105 -0.875029 3.141497
13.696016 0.066713 -0.875029 3.141496
13.760016 0.068321 -0.875029 3.141496
13.824017 0.069928 -0.875029 3.141495
13.888017 0.071536 -0.875030 3.141495
13.952017 0.073144 -0.875030 3.141494
14.016017 0.074751 -0.875030 3.141494
14.080017 0.076359 -0.875030 3.141493
14.144017 0.077967 -0.875030 3.141493
14.208017 0.079574 -0.875030 3.141493
14.272017 0.081182 -0.875030 3.141492
14.336018 0.082790 -0.875031 3.141492
14.400018 0.084397 -0.875031 3.141492
14.464018 0.086005 -0.875031 3.141492
14.528018 0.087613 -0.875031 3.141492
14.592018 0.089220 -0.875031 3.141492
14.656018 0.090828 -0.875031 3.141492
14.720018 0.092436 -0.875032 3.141492
14.784019 0.094043 -0.875032 3.141492
14.848019 0.095651 -0.875032 3.141492
14.912019 0.097259 -0.875032 3.141492
14.976019 0.098866 -0.875032 3.141493
15.040019 0.100474 -0.875032 3.141493
15.104019 0.102082 -0.875033 3.141493
15.168019 0.103690 -0.875033 3.141494
15.232019 0.105297 -0.875033 3.141494
15.296020 0.106905 -0.875033 3.141495
15.360020 0.108513 -0.875033 3.141495
15.424020 0.110120 -0.875033 3.141496
15.488020 0.111728 -0.875034 3.141496
15.552020 0.113336 -0.875034 3.141497
15.616020 0.114943 -0.875034 3.141498
15.680020 0.116551 -0.875034 3.141498
15.744020 0.118159 -0.875034 3.141499
15.808021 0.119766 -0.875034 3.141500
15.872021 0.121374 -0.875034 3.141500
15.936021 0.122982 -0.875035 3.141501
16.000021 0.124589 -0.875035 3.141502
16.064020 0.126197 -0.875035 3.141502
16.128019 0.127805 -0.875035 3.141503
16.192019 0.129412 -0.875035 3.141504
16.256018 0.131020 -0.875035 3.141504
16.320017 0.132628 -0.875035 3.141505
16.384016 0.134235 -0.875036 3.141505
16.448015 0.135843 -0.875036 3.141506
16.512014 0.137451 -0.875036 3.141506
16.576014 0.139058 -0.875036 3.141507
16.640013 0.140666 -0.875036 3.141507
16.704012 0.142274 -0.875036 3.141507
16.768011 0.143882 -0.875036 3.141508
16.832010 0.145489 -0.875037 3.141508
16.896009 0.147097 -0.875037 3.141508
16.960009 0.148705 -0.875037 3.141508
17.024008 0.150312 -0.875037 3.141508
17.088007 0.151920 -0.875037 3.141508
17.152006 0.153528 -0.875037 3.141508
17.216005 0.155135 -0.875037 3.141508
17.280005 0.156743 -0.875037 3.141508
17.344004 0.158351 -0.875038 3.141508
17.408003 0.159958 -0.875038 3.141508
17.472002 0.161566 -0.875038 3.141507
17.536001 0.163174 -0.875038 3.141507
17.600000 0.164781 -0.875038 3.141507
17.664000 0.164782 -0.875033 3.113295
17.727999 0.164782 -0.875032 3.085069
17.791998 0.164782 -0.875037 3.056838
17.855997 0.164782 -0.875039 3.028607
17.919996 0.164782 -0.875038 3.000368
17.983995 0.164780 -0.875037 2.972075
18.047995 0.164778 -0.875037 2.943774
18.111994 0.164776 -0.875036 2.915476
18.175993 0.164774 -0.875037 2.887183
18.239992 0.164773 -0.875037 2.858896
18.303991 0.164771 -0.875038 2.830615
18.367990 0.164769 -0.875038 2.802339
18.431990 0.164768 -0.875039 2.774067
18.495989 0.164767 -0.875039 2.745798
18.559988 0.164766 -0.875039 2.717533
18.623987 0.164765 -0.875039 2.689270
18.687986 0.164764 -0.875039 2.661009
18.751986 0.164764 -0.875038 2.632751
18.815985 0.164763 -0.875037 2.604494
18.879984 0.164763 -0.875037 2.576238
18.943983 0.164762 -0.875037 2.547984
19.007982 0.164761 -0.875037 2.519731
19.071981 0.164760 -0.875037 2.491479
19.135981 0.164759 -0.875038 2.463228
19.199980 0.164758 -0.875039 2.434977
19.263979 0.164757 -0.875039 2.406728
19.327978 0.164756 -0.875039 2.378479
19.391977 0.164756 -0.875039 2.350232
19.455976 0.164756 -0.875039 2.321984
19.519976 0.164756 -0.875039 2.293738
19.583975 0.164756 -0.875038 2.265492
19.647974 0.164756 -0.875038 2.237247
19.711973 0.164756 -0.875038 2.209002
19.775972 0.164755 -0.875038 2.180758
19.839972 0.164755 -0.875038 2.152515
19.903971 0.164754 -0.875038 2.124272
19.967970 0.164753 -0.875038 2.096030
20.031969 0.164752 -0.875039 2.067788
20.095968 0.164752 -0.875039 2.039547
20.159967 0.164752 -0.875039 2.011307
20.223967 0.164753 -0.875039 1.983067
20.287966 0.164754 -0.875039 1.954828
20.351965 0.164755 -0.875039 1.926589
20.415964 0.164756 -0.875039 1.898352
20.479963 0.164757 -0.875038 1.870114
20.543962 0.164757 -0.875038 1.841878
20.607962 0.164758 -0.875038 1.813642
20.671961 0.164758 -0.875038 1.785407
20.735960 0.164758 -0.875038 1.757173
20.799959 0.164757 -0.875038 1.728940
20.863958 0.164757 -0.875038 1.700707
20.927958 0.164756 -0.875038 1.672475
20.991957 0.164756 -0.875038 1.644244
21.055956 0.164757 -0.875038 1.616014
21.119955 0.164757 -0.875038 1.587785
21.183954 0.164758 -0.875038 1.559557
21.247953 0.164740 -0.876647 1.559601
21.311953 0.164722 -0.878255 1.559614
21.375952 0.164704 -0.879862 1.559629
21.439951 0.164686 -0.881469 1.559638
21.503950 0.164668 -0.883077 1.559644
21.567949 0.164651 -0.884684 1.559649
21.631948 0.164633 -0.886291 1.559652
21.695948 0.164615 -0.887899 1.559654
21.759947 0.164597 -0.889506 1.559655
21.823946 0.164579 -0.891114 1.559656
21.887945 0.164561 -0.892721 1.559656
21.951944 0.164543 -0.894329 1.559657
22.015944 0.164525 -0.895936 1.559657
22.079943 0.164507 -0.897544 1.559658
22.143942 0.164489 -0.899152 1.559659
22.207941 0.164472 -0.900759 1.559659
22.271940 0.164454 -0.902367 1.559659
22.335939 0.164436 -0.903974 1.559659
22.399939 0.164418 -0.905582 1.559660
22.463938 0.164400 -0.907190 1.559660
22.527937 0.164382 -0.908797 1.559661
22.591936 0.164364 -0.910405 1.559661
22.655935 0.164346 -0.912012 1.559661
22.719934 0.164328 -0.913620 1.559661
22.783934 0.164310 -0.915227 1.559661
22.847933 0.164292 -0.916835 1.559662
22.911932 0.164275 -0.918443 1.559662
22.975931 0.164257 -0.920050 1.559662
23.039930 0.164239 -0.921658 1.559662
23.103930 0.164221 -0.923265 1.559662
23.167929 0.164203 -0.924873 1.559662
23.231928 0.164185 -0.926480 1.559662
23.295927 0.164167 -0.928088 1.559663
23.359926 0.164149 -0.929696 1.559663
23.423925 0.164131 -0.931303 1.559662
23.487925 0.164113 -0.932911 1.559662
23.551924 0.164096 -0.934518 1.559662
23.615923 0.164078 -0.936126 1.559661
23.679922 0.164060 -0.937734 1.559661
23.743921 0.164042 -0.939341 1.559661
23.807920 0.164024 -0.940949 1.559661
23.871920 0.164006 -0.942556 1.559660
23.935919 0.163988 -0.944164 1.559660
23.999918 0.163970 -0.945771 1.559660
24.063917 0.163952 -0.947379 1.559659
24.127916 0.163934 -0.948987 1.559659
24.191916 0.163917 -0.950594 1.559659
24.255915 0.163899 -0.952202 1.559658
24.319914 0.163881 -0.953809 1.559658
24.383913 0.163863 -0.955417 1.559657
24.447912 0.163845 -0.957024 1.559657
24.511911 0.163827 -0.958632 1.559656
24.575911 0.163809 -0.960240 1.559656
24.639910 0.163791 -0.961847 1.559656
24.703909 0.163773 -0.963455 1.559655
24.767908 0.163755 -0.965062 1.559655
24.831907 0.163737 -0.966670 1.559654
24.895906 0.163720 -0.968278 1.559654
24.959906 0.163702 -0.969885 1.559654
25.023905 0.163684 -0.971493 1.559654
25.087904 0.163666 -0.973100 1.559653
25.151903 0.163648 -0.974708 1.559653
25.215902 0.163630 -0.976315 1.559652
25.279902 0.163612 -0.977923 1.559652
25.343901 0.163594 -0.979531 1.559652
25.407900 0.163576 -0.981138 1.559652
25.471899 0.163558 -0.982746 1.559652
25.535898 0.163540 -0.984353 1.559652
25.599897 0.163522 -0.985961 1.559652
25.663897 0.163505 -0.987569 1.559652
25.727896 0.163487 -0.989176 1.559652
25.791895 0.163469 -0.990784 1.559652
25.855894 0.163451 -0.992391 1.559652
25.919893 0.163433 -0.993999 1.559652
25.983892 0.163415 -0.995606 1.559652
26.047892 0.163397 -0.997214 1.559652
26.111891 0.163379 -0.998822 1.559653
26.175890 0.163361 -1.000429 1.559653
26.239889 0.163343 -1.002037 1.559653
26.303888 0.163325 -1.003644 1.559653
26.367887 0.163307 -1.005252 1.559654
26.431887 0.163290 -1.006859 1.559654
26.495886 0.163272 -1.008467 1.559654
26.559885 0.163254 -1.010075 1.559655
26.623884 0.163236 -1.011682 1.559655
26.687883 0.163218 -1.013290 1.559656
26.751883 0.163200 -1.014897 1.559656
26.815882 0.163182 -1.016505 1.559656
26.879881 0.163164 -1.018113 1.559657
26.943880 0.163146 -1.019720 1.559657
27.007879 0.163128 -1.021328 1.559658
27.071878 0.163110 -1.022935 1.559658
27.135878 0.163093 -1.024543 1.559658
27.199877 0.163075 -1.026150 1.559659
27.263876 0.163057 -1.027758 1.559659
27.327875 0.163039 -1.029366 1.559659
27.391874 0.163021 -1.030973 1.559660
27.455873 0.163003 -1.032581 1.559661
27.519873 0.162985 -1.034188 1.559661
27.583872 0.162967 -1.035796 1.559661
27.647871 0.162949 -1.037403 1.559661
27.711870 0.162931 -1.039011 1.559661
27.775869 0.162914 -1.040619 1.559662
27.839869 0.162896 -1.042226 1.559662
27.903868 0.162878 -1.043834 1.559662
27.967867 0.162860 -1.045441 1.559662
28.031866 0.162842 -1.047049 1.559662
28.095865 0.162824 -1.048657 1.559662
28.159864 0.162806 -1.050264 1.559662
28.223864 0.162788 -1.051872 1.559663
28.287863 0.162770 -1.053479 1.559663
28.351862 0.162752 -1.055087 1.559662
28.415861 0.162735 -1.056694 1.559662
28.479860 0.162717 -1.058302 1.559662
28.543859 0.162699 -1.059910 1.559662
28.607859 0.162681 -1.061517 1.559662
28.671858 0.162663 -1.063125 1.559661
28.735857 0.162645 -1.064732 1.559661
28.799856 0.162627 -1.066340 1.559661
28.863855 0.162609 -1.067948 1.559660
28.927855 0.162591 -1.069555 1.559660
28.991854 0.162573 -1.071163 1.559660
29.055853 0.162556 -1.072770 1.559660
29.119852 0.162538 -1.074378 1.559659
29.183851 0.162520 -1.075985 1.559659
29.247850 0.162502 -1.077593 1.559658
29.311850 0.162484 -1.079201 1.559658
29.375849 0.162466 -1.080808 1.559657
29.439848 0.162448 -1.082416 1.559657
29.503847 0.162430 -1.084023 1.559657
29.567846 0.162412 -1.085631 1.559656
29.631845 0.162394 -1.087238 1.559656
29.695845 0.162376 -1.088846 1.559655
29.759844 0.162359 -1.090454 1.559655
29.823843 0.162341 -1.092061 1.559655
29.887842 0.162323 -1.093669 1.559654
29.951841 0.162305 -1.095276 1.559654
30.015841 0.162287 -1.096884 1.559654
30.079840 0.162269 -1.098492 1.559653
30.143839 0.162251 -1.100099 1.559653
30.207838 0.162233 -1.101707 1.559653
30.271837 0.162215 -1.103314 1.559653
30.335836 0.162197 -1.104922 1.559652
30.399836 0.162179 -1.106529 1.559652
30.463835 0.162161 -1.108137 1.559652
30.527834 0.162144 -1.109745 1.559652
30.591833 0.162126 -1.111352 1.559652
30.655832 0.162108 -1.112960 1.559652
30.719831 0.162090 -1.114567 1.559652
30.783831 0.162072 -1.116175 1.559652
30.847830 0.162054 -1.117782 1.559652
30.911829 0.162036 -1.119390 1.559652
30.975828 0.162018 -1.120998 1.559652
31.039827 0.162000 -1.122605 1.559652
31.103827 0.161982 -1.124213 1.559653
31.167826 0.161964 -1.125820 1.559653
31.231825 0.161946 -1.127428 1.559653
31.295824 0.161929 -1.129036 1.559653
31.359823 0.161911 -1.130643 1.559653
31.423822 0.161893 -1.132251 1.559654
31.487822 0.161875 -1.133858 1.559654
31.551821 0.161857 -1.135466 1.559655
31.615820 0.161839 -1.137073 1.559655
31.679819 0.161821 -1.138681 1.559655
31.743818 0.161803 -1.140289 1.559656
31.807817 0.161785 -1.141896 1.559656
31.871817 0.161767 -1.143504 1.559657
31.935816 0.161749 -1.145111 1.559657
31.999815 0.161732 -1.146719 1.559658
32.063816 0.161714 -1.148326 1.559658
32.127815 0.161696 -1.149934 1.559658
32.191814 0.161678 -1.151542 1.559658
32.255814 0.161660 -1.153149 1.559659
32.319813 0.161642 -1.154757 1.559660
32.383812 0.161624 -1.156364 1.559660
32.447811 0.161606 -1.157972 1.559660
32.511810 0.161588 -1.159580 1.559660
32.575809 0.161570 -1.161187 1.559661
32.639809 0.161552 -1.162795 1.559661
32.703808 0.161535 -1.164402 1.559661
32.767807 0.161517 -1.166010 1.559662
32.831806 0.161499 -1.167617 1.559662
32.895805 0.161481 -1.169225 1.559662
32.959805 0.161463 -1.170833 1.559662
33.023804 0.161445 -1.172440 1.559662
33.087803 0.161427 -1.174048 1.559662
33.151802 0.161409 -1.175655 1.559663
33.215801 0.161391 -1.177263 1.559663
33.279800 0.161373 -1.178871 1.559662
33.343800 0.161356 -1.180478 1.559662
33.407799 0.161338 -1.182086 1.559662
33.471798 0.161320 -1.183693 1.559662
33.535797 0.161302 -1.185301 1.559662
33.599796 0.161284 -1.186908 1.559662
33.663795 0.161266 -1.188516 1.559661
33.727795 0.161248 -1.190124 1.559661
33.791794 0.161230 -1.191731 1.559661
33.855793 0.161212 -1.193339 1.559660
33.919792 0.161194 -1.194946 1.559660
33.983791 0.161177 -1.196554 1.559660
34.047791 0.161159 -1.198161 1.559660
34.111790 0.161141 -1.199769 1.559659
34.175789 0.161123 -1.201377 1.559659
34.239788 0.161105 -1.202984 1.559658
34.303787 0.161087 -1.204592 1.559658
34.367786 0.161069 -1.206199 1.559657
34.431786 0.161051 -1.207807 1.559657
34.495785 0.161033 -1.208264 1.559898
34.559784 0.161016 -1.208220 1.559701
34.623783 0.160998 -1.208193 1.560141
34.687782 0.161015 -1.206585 1.560091
34.751781 0.161033 -1.204978 1.560088
34.815781 0.161050 -1.203370 1.560086
34.879780 0.161067 -1.201763 1.560087
34.943779 0.161084 -1.200155 1.560087
35.007778 0.161101 -1.198548 1.560087
35.071777 0.161119 -1.196940 1.560088
35.135777 0.161136 -1.195333 1.560088
35.199776 0.161153 -1.193725 1.560089
35.263775 0.161170 -1.192117 1.560089
35.327774 0.161188 -1.190510 1.560089
35.391773 0.161205 -1.188902 1.560089
35.455772 0.161199 -1.188902 1.531910
35.519772 0.161198 -1.188903 1.503691
35.583771 0.161202 -1.188903 1.475464
35.647770 0.161204 -1.188902 1.447196
35.711769 0.161203 -1.188900 1.418893
35.775768 0.161202 -1.188897 1.390585
35.839767 0.161201 -1.188894 1.362280
35.903767 0.161201 -1.188892 1.333986
35.967766 0.161201 -1.188890 1.305703
36.031765 0.161202 -1.188889 1.277425
36.095764 0.161203 -1.188888 1.249155
36.159763 0.161203 -1.188886 1.220890
36.223763 0.161203 -1.188885 1.192630
36.287762 0.161202 -1.188884 1.164375
36.351761 0.161201 -1.188882 1.136123
36.415760 0.161201 -1.188881 1.107873
36.479759 0.161200 -1.188880 1.079625
36.543758 0.161200 -1.188879 1.051380
36.607758 0.161200 -1.188879 1.023137
36.671757 0.161200 -1.188878 0.994896
36.735756 0.161201 -1.188878 0.966655
36.799755 0.161201 -1.188878 0.938416
36.863754 0.161202 -1.188878 0.910177
36.927753 0.161202 -1.188877 0.881939
36.991753 0.161202 -1.188877 0.853702
37.055752 0.161201 -1.188876 0.825467
37.119751 0.161201 -1.188876 0.797231
37.183750 0.161200 -1.188875 0.768996
37.247749 0.161200 -1.188874 0.740761
37.311749 0.161199 -1.188874 0.712527
37.375748 0.161199 -1.188873 0.684293
37.439747 0.161199 -1.188873 0.656060
37.503746 0.161200 -1.188874 0.627827
37.567745 0.161200 -1.188874 0.599594
37.631744 0.161200 -1.188874 0.571361
37.695744 0.161200 -1.188874 0.543127
37.759743 0.161200 -1.188874 0.514894
37.823742 0.161200 -1.188874 0.486662
37.887741 0.161200 -1.188873 0.458430
37.951740 0.161199 -1.188872 0.430198
38.015739 0.161199 -1.188872 0.401965
38.079739 0.161198 -1.188871 0.373733
38.143738 0.161198 -1.188871 0.345500
38.207737 0.161198 -1.188870 0.317269
38.271736 0.161198 -1.188870 0.289038
38.335735 0.161198 -1.188871 0.260808
38.399734 0.161198 -1.188871 0.232577
38.463734 0.161198 -1.188872 0.204345
38.527733 0.161198 -1.188872 0.176112
38.591732 0.161198 -1.188872 0.147880
38.655731 0.161198 -1.188871 0.119651
38.719730 0.161198 -1.188871 0.091424
38.783730 0.161197 -1.188870 0.063198
38.847729 0.161197 -1.188869 0.034972
38.911728 0.161197 -1.188868 0.006757
38.975727 0.161197 -1.188868 -0.021502
39.039726 0.161197 -1.188868 -0.049735
39.103725 0.161197 -1.188868 -0.077968
39.167725 0.161197 -1.188869 -0.106200
39.231724 0.161197 -1.188869 -0.134429
39.295723 0.161195 -1.188870 -0.162724
39.359722 0.161193 -1.188870 -0.191035
39.423721 0.161190 -1.188870 -0.219348
39.487720 0.161188 -1.188870 -0.247656
39.551720 0.161186 -1.188869 -0.275959
39.615719 0.161185 -1.188868 -0.304255
39.679718 0.161183 -1.188868 -0.332544
39.743717 0.161182 -1.188867 -0.360827
39.807716 0.161180 -1.188867 -0.389107
39.871716 0.161179 -1.188867 -0.417384
39.935715 0.161178 -1.188868 -0.445658
39.999714 0.161176 -1.188868 -0.473928
40.063713 0.161175 -1.188869 -0.502195
40.127712 0.161174 -1.188869 -0.530459
40.191711 0.161173 -1.188870 -0.558720
40.255711 0.161172 -1.188870 -0.586980
40.319710 0.161171 -1.188869 -0.615237
40.383709 0.161171 -1.188869 -0.643493
40.447708 0.161171 -1.188868 -0.671746
40.511707 0.161171 -1.188868 -0.699997
40.575706 0.161170 -1.188867 -0.728246
40.639706 0.161170 -1.188867 -0.756494
40.703705 0.161169 -1.188868 -0.784740
40.767704 0.161168 -1.188868 -0.812984
40.831703 0.161168 -1.188868 -0.841227
40.895702 0.161167 -1.188869 -0.869468
40.959702 0.161166 -1.188869 -0.897708
41.023701 0.161165 -1.188870 -0.925946
41.087700 0.161165 -1.188870 -0.954183
41.151699 0.161165 -1.188870 -0.982418
41.215698 0.161165 -1.188869 -1.010653
41.279697 0.161166 -1.188869 -1.038885
41.343697 0.161166 -1.188869 -1.067115
41.407696 0.161166 -1.188869 -1.095345
41.471695 0.161165 -1.188869 -1.123573
41.535694 0.161165 -1.188870 -1.151800
41.599693 0.161164 -1.188870 -1.180025
41.663692 0.161163 -1.188870 -1.208250
41.727692 0.161162 -1.188871 -1.236472
41.791691 0.161162 -1.188871 -1.264694
41.855690 0.161162 -1.188871 -1.292914
41.919689 0.161162 -1.188872 -1.321134
41.983688 0.161162 -1.188872 -1.349352
42.047688 0.161162 -1.188872 -1.377568
42.111687 0.161163 -1.188872 -1.405784
42.175686 0.161163 -1.188872 -1.433997
42.239685 0.161163 -1.188872 -1.462210
42.303684 0.161163 -1.188872 -1.490422
42.367683 0.161162 -1.188873 -1.518633
42.431683 0.161161 -1.188873 -1.546842
42.495682 0.161160 -1.188873 -1.575051
42.559681 0.161167 -1.187265 -1.575029
42.623680 0.161174 -1.185656 -1.575015
42.687679 0.161180 -1.184049 -1.574985
42.751678 0.161187 -1.182441 -1.574967
42.815678 0.161194 -1.180834 -1.574961
42.879677 0.161200 -1.179227 -1.574956
42.943676 0.161207 -1.177619 -1.574953
43.007675 0.161214 -1.176012 -1.574950
43.071674 0.161220 -1.174404 -1.574949
43.135674 0.161227 -1.172796 -1.574948
43.199673 0.161234 -1.171189 -1.574947
43.263672 0.161240 -1.169581 -1.574946
43.327671 0.161247 -1.167974 -1.574945
43.391670 0.161254 -1.166366 -1.574945
43.455669 0.161260 -1.164758 -1.574944
43.519669 0.161267 -1.163151 -1.574944
43.583668 0.161274 -1.161543 -1.574944
43.647667 0.161280 -1.159935 -1.574943
43.711666 0.161287 -1.158328 -1.574942
43.775665 0.161294 -1.156720 -1.574942
43.839664 0.161300 -1.155112 -1.574942
43.903664 0.161307 -1.153505 -1.574941
43.967663 0.161314 -1.151897 -1.574941
44.031662 0.161320 -1.150289 -1.574941
44.095661 0.161327 -1.148682 -1.574940
44.159660 0.161334 -1.147074 -1.574940
44.223660 0.161340 -1.145466 -1.574940
44.287659 0.161347 -1.143859 -1.574941
44.351658 0.161354 -1.142251 -1.574941
44.415657 0.161360 -1.140643 -1.574941
44.479656 0.161367 -1.139036 -1.574940
44.543655 0.161374 -1.137428 -1.574940
44.607655 0.161380 -1.135820 -1.574941
44.671654 0.161387 -1.134213 -1.574941
44.735653 0.161394 -1.132605 -1.574942
44.799652 0.161400 -1.130997 -1.574942
44.863651 0.161407 -1.129390 -1.574942
44.927650 0.161414 -1.127782 -1.574942
44.991650 0.161420 -1.126174 -1.574943
45.055649 0.161427 -1.124567 -1.574943
45.119648 0.161434 -1.122959 -1.574944
45.183647 0.161440 -1.121351 -1.574945
45.247646 0.161447 -1.119744 -1.574945
45.311646 0.161454 -1.118136 -1.574945
45.375645 0.161460 -1.116528 -1.574946
45.439644 0.161467 -1.114921 -1.574946
45.503643 0.161474 -1.113313 -1.574947
45.567642 0.161480 -1.111705 -1.574948
45.631641 0.161487 -1.110098 -1.574948
45.695641 0.161494 -1.108490 -1.574949
45.759640 0.161500 -1.106882 -1.574949
45.823639 0.161507 -1.105275 -1.574950
45.887638 0.161514 -1.103667 -1.574951
45.951637 0.161520 -1.102059 -1.574952
46.015636 0.161527 -1.100452 -1.574952
46.079636 0.161534 -1.098844 -1.574952
46.143635 0.161540 -1.097236 -1.574953
46.207634 0.161547 -1.095629 -1.574953
46.271633 0.161554 -1.094021 -1.574954
46.335632 0.161560 -1.092413 -1.574954
46.399632 0.161567 -1.090806 -1.574954
46.463631 0.161574 -1.089198 -1.574955
46.527630 0.161580 -1.087590 -1.574955
46.591629 0.161587 -1.085983 -1.574955
46.655628 0.161594 -1.084375 -1.574955
46.719627 0.161600 -1.082767 -1.574956
46.783627 0.161607 -1.081160 -1.574956
46.847626 0.161614 -1.079552 -1.574955
46.911625 0.161621 -1.077944 -1.574955
46.975624 0.161627 -1.076337 -1.574955
47.039623 0.161634 -1.074729 -1.574955
47.103622 0.161641 -1.073121 -1.574955
47.167622 0.161647 -1.071514 -1.574955
47.231621 0.161654 -1.069906 -1.574955
47.295620 0.161661 -1.068298 -1.574954
47.359619 0.161667 -1.066691 -1.574954
47.423618 0.161674 -1.065083 -1.574953
47.487617 0.161681 -1.063475 -1.574953
47.551617 0.161687 -1.061868 -1.574953
47.615616 0.161694 -1.060260 -1.574952
47.679615 0.161701 -1.058652 -1.574952
47.743614 0.161707 -1.057045 -1.574951
47.807613 0.161714 -1.055437 -1.574950
47.871613 0.161721 -1.053829 -1.574950
47.935612 0.161727 -1.052222 -1.574949
47.999611 0.161734 -1.050614 -1.574949
48.063610 0.161741 -1.049006 -1.574948
48.127609 0.161747 -1.047399 -1.574947
48.191608 0.161754 -1.045791 -1.574946
48.255608 0.161761 -1.044183 -1.574946
48.319607 0.161768 -1.042576 -1.574946
48.383606 0.161774 -1.040968 -1.574945
48.447605 0.161781 -1.039360 -1.574945
48.511604 0.161788 -1.037753 -1.574944
48.575603 0.161794 -1.036145 -1.574943
48.639603 0.161801 -1.034537 -1.574943
48.703602 0.161808 -1.032930 -1.574942
48.767601 0.161814 -1.031322 -1.574942
48.831600 0.161821 -1.029714 -1.574942
48.895599 0.161827 -1.028107 -1.574941
48.959599 0.161834 -1.026499 -1.574941
49.023598 0.161841 -1.024891 -1.574941
49.087597 0.161847 -1.023284 -1.574941
49.151596 0.161854 -1.021676 -1.574941
49.215595 0.161861 -1.020068 -1.574941
49.279594 0.161867 -1.018461 -1.574940
49.343594 0.161874 -1.016853 -1.574940
49.407593 0.161881 -1.015245 -1.574940
49.471592 0.161887 -1.013638 -1.574940
49.535591 0.161894 -1.012030 -1.574941
49.599590 0.161901 -1.010422 -1.574941
49.663589 0.161907 -1.008815 -1.574941
49.727589 0.161914 -1.007207 -1.574941
49.791588 0.161921 -1.005599 -1.574941
49.855587 0.161927 -1.003992 -1.574942
49.919586 0.161934 -1.002384 -1.574942
49.983585 0.161941 -1.000776 -1.574943
50.047585 0.161947 -0.999169 -1.574943
50.111584 0.161954 -0.997561 -1.574944
50.175583 0.161961 -0.995953 -1.574944
50.239582 0.161967 -0.994346 -1.574945
50.303581 0.161974 -0.992738 -1.574945
50.367580 0.161981 -0.991130 -1.574946
50.431580 0.161987 -0.989523 -1.574946
50.495579 0.161994 -0.987915 -1.574947
50.559578 0.162001 -0.986307 -1.574948
50.623577 0.162007 -0.984700 -1.574948
50.687576 0.162014 -0.983092 -1.574949
50.751575 0.162021 -0.981484 -1.574949
50.815575 0.162027 -0.979877 -1.574950
50.879574 0.162034 -0.978269 -1.574951
50.943573 0.162041 -0.976661 -1.574951
51.007572 0.162048 -0.975054 -1.574952
51.071571 0.162054 -0.973446 -1.574952
51.135571 0.162061 -0.971838 -1.574953
51.199570 0.162068 -0.970231 -1.574953
51.263569 0.162074 -0.968623 -1.574954
51.327568 0.162081 -0.967015 -1.574954
51.391567 0.162088 -0.965408 -1.574954
51.455566 0.162094 -0.963800 -1.574954
51.519566 0.162101 -0.962192 -1.574955
51.583565 0.162108 -0.960585 -1.574955
51.647564 0.162114 -0.958977 -1.574955
51.711563 0.162121 -0.957369 -1.574956
51.775562 0.162128 -0.955762 -1.574956
51.839561 0.162134 -0.954154 -1.574955
51.903561 0.162141 -0.952546 -1.574955
51.967560 0.162148 -0.950939 -1.574955
52.031559 0.162154 -0.949331 -1.574955
52.095558 0.162161 -0.947723 -1.574955
52.159557 0.162168 -0.946116 -1.574955
52.223557 0.162175 -0.944508 -1.574954
52.287556 0.162181 -0.942900 -1.574954
52.351555 0.162188 -0.941293 -1.574954
52.415554 0.162195 -0.939685 -1.574953
52.479553 0.162201 -0.938077 -1.574953
52.543552 0.162208 -0.936470 -1.574953
52.607552 0.162215 -0.934862 -1.574952
52.671551 0.162221 -0.933254 -1.574951
52.735550 0.162228 -0.931647 -1.574951
52.799549 0.162235 -0.930039 -1.574950
52.863548 0.162241 -0.928431 -1.574950
52.927547 0.162248 -0.926824 -1.574949
52.991547 0.162255 -0.925216 -1.574949
53.055546 0.162261 -0.923608 -1.574948
53.119545 0.162268 -0.922001 -1.574947
53.183544 0.162275 -0.920393 -1.574947
53.247543 0.162281 -0.918785 -1.574946
53.311543 0.162288 -0.917178 -1.574946
53.375542 0.162295 -0.915570 -1.574945
53.439541 0.162301 -0.913962 -1.574945
53.503540 0.162308 -0.912355 -1.574944
53.567539 0.162315 -0.910747 -1.574943
53.631538 0.162321 -0.909139 -1.574943
53.695538 0.162328 -0.907532 -1.574942
53.759537 0.162335 -0.905924 -1.574942
53.823536 0.162341 -0.904316 -1.574942
53.887535 0.162348 -0.902709 -1.574941
53.951534 0.162355 -0.901101 -1.574941
54.015533 0.162361 -0.899493 -1.574941
54.079533 0.162368 -0.897886 -1.574941
54.143532 0.162375 -0.896278 -1.574941
54.207531 0.162381 -0.894670 -1.574941
54.271530 0.162388 -0.893063 -1.574940
54.335529 0.162395 -0.891455 -1.574940
54.399529 0.162401 -0.889847 -1.574940
54.463528 0.162408 -0.888240 -1.574940
54.527527 0.162415 -0.886632 -1.574941
54.591526 0.162421 -0.885024 -1.574941
54.655525 0.162428 -0.883417 -1.574941
54.719524 0.162435 -0.881809 -1.574941
54.783524 0.162441 -0.880201 -1.574941
54.847523 0.162448 -0.878594 -1.574942
54.911522 0.162455 -0.876986 -1.574942
54.975521 0.162461 -0.875378 -1.574943
55.039520 0.162468 -0.873771 -1.574943
55.103519 0.162475 -0.872163 -1.574944
55.167519 0.162481 -0.870555 -1.574944
55.231518 0.162488 -0.868948 -1.574944
55.295517 0.162495 -0.867340 -1.574945
55.359516 0.162501 -0.865732 -1.574946
55.423515 0.162508 -0.864125 -1.574946
55.487514 0.162515 -0.862517 -1.574947
55.551514 0.162521 -0.860909 -1.574947
55.615513 0.162528 -0.859302 -1.574948
55.679512 0.162535 -0.857694 -1.574949
55.743511 0.162541 -0.856086 -1.574949
55.807510 0.162548 -0.854479 -1.574950
55.871510 0.162555 -0.852871 -1.574951
55.935509 0.162561 -0.851263 -1.574951
55.999508 0.162568 -0.849656 -1.574951
56.063507 0.162575 -0.848048 -1.574952
56.127506 0.162581 -0.846440 -1.574952
56.191505 0.162588 -0.844833 -1.574953
56.255505 0.162595 -0.843225 -1.574954
56.319504 0.162602 -0.841617 -1.574954
56.383503 0.162608 -0.840010 -1.574954
56.447502 0.162615 -0.838402 -1.574954
56.511501 0.162622 -0.836794 -1.574955
56.575500 0.162628 -0.835187 -1.574955
56.639500 0.162635 -0.833579 -1.574955
56.703499 0.162642 -0.831971 -1.574955
56.767498 0.162648 -0.830364 -1.574955
56.831497 0.162655 -0.828756 -1.574955
56.895496 0.162662 -0.827148 -1.574955
56.959496 0.162668 -0.825541 -1.574955
57.023495 0.162675 -0.823933 -1.574955
57.087494 0.162682 -0.822325 -1.574955
57.151493 0.162688 -0.820718 -1.574955
57.215492 0.162695 -0.819110 -1.574954
57.279491 0.162702 -0.817502 -1.574954
57.343491 0.162708 -0.815895 -1.574954
57.407490 0.162715 -0.814287 -1.574954
57.471489 0.162722 -0.812679 -1.574953
57.535488 0.162729 -0.811072 -1.574953
57.599487 0.162735 -0.809464 -1.574952
57.663486 0.162742 -0.807856 -1.574951
57.727486 0.162749 -0.806249 -1.574951
57.791485 0.162755 -0.804641 -1.574950
57.855484 0.162762 -0.803033 -1.574950
57.919483 0.162769 -0.801426 -1.574949
57.983482 0.162775 -0.799818 -1.574949
58.047482 0.162782 -0.798210 -1.574948
58.111481 0.162789 -0.796603 -1.574947
58.175480 0.162795 -0.794995 -1.574947
58.239479 0.162802 -0.793387 -1.574947
58.303478 0.162809 -0.791780 -1.574946
58.367477 0.162815 -0.790172 -1.574945
58.431477 0.162822 -0.788564 -1.574945
58.495476 0.162829 -0.786957 -1.574944
58.559475 0.162835 -0.785349 -1.574943
58.623474 0.162842 -0.783741 -1.574943
58.687473 0.162849 -0.782134 -1.574943
58.751472 0.162855 -0.780526 -1.574942
58.815472 0.162862 -0.778918 -1.574942
58.879471 0.162869 -0.777311 -1.574941
58.943470 0.162875 -0.775703 -1.574941
59.007469 0.162882 -0.774095 -1.574941
59.071468 0.162889 -0.772488 -1.574941
59.135468 0.162895 -0.770880 -1.574941
59.199467 0.162902 -0.769273 -1.574940
59.263466 0.162909 -0.767665 -1.574940
59.327465 0.162915 -0.766057 -1.574940
59.391464 0.162922 -0.764450 -1.574940
59.455463 0.162929 -0.762842 -1.574940
59.519463 0.162935 -0.761234 -1.574941
59.583462 0.162942 -0.759627 -1.574941
59.647461 0.162949 -0.758019 -1.574941
59.711460 0.162955 -0.756411 -1.574941
59.775459 0.162962 -0.754804 -1.574941
59.839458 0.162969 -0.753196 -1.574942
59.903458 0.162975 -0.751588 -1.574942
59.967457 0.162982 -0.749981 -1.574943
60.031456 0.162989 -0.748373 -1.574943
60.095455 0.162995 -0.746765 -1.574943
60.159454 0.163002 -0.745158 -1.574944
60.223454 0.163009 -0.743550 -1.574944
60.287453 0.163015 -0.741942 -1.574945
60.351452 0.163022 -0.740335 -1.574946
60.415451 0.163029 -0.738727 -1.574946
60.479450 0.163035 -0.737119 -1.574947
60.543449 0.163042 -0.735512 -1.574947
60.607449 0.163049 -0.733904 -1.574948
60.671448 0.163055 -0.732296 -1.574949
60.735447 0.163062 -0.730689 -1.574949
60.799446 0.163069 -0.729081 -1.574950
60.863445 0.163075 -0.727473 -1.574951
60.927444 0.163082 -0.725866 -1.574951
60.991444 0.163089 -0.724258 -1.574951
61.055443 0.163095 -0.722650 -1.574952
61.119442 0.163102 -0.721043 -1.574953
61.183441 0.163109 -0.719435 -1.574953
61.247440 0.163115 -0.717827 -1.574953
61.311440 0.163122 -0.716220 -1.574954
61.375439 0.163129 -0.714612 -1.574954
61.439438 0.163135 -0.713004 -1.574954
61.503437 0.163142 -0.711397 -1.574955
61.567436 0.163149 -0.709789 -1.574955
61.631435 0.163156 -0.708181 -1.574955
61.695435 0.163162 -0.706574 -1.574955
61.759434 0.163169 -0.704966 -1.574955
61.823433 0.163176 -0.703358 -1.574955
61.887432 0.163182 -0.701751 -1.574955
61.951431 0.163189 -0.700143 -1.574955
62.015430 0.163196 -0.698535 -1.574955
62.079430 0.163202 -0.696928 -1.574955
62.143429 0.163209 -0.695320 -1.574955
62.207428 0.163216 -0.693712 -1.574954
62.271427 0.163222 -0.692105 -1.574954
62.335426 0.163229 -0.690497 -1.574954
62.399426 0.163236 -0.688889 -1.574954
62.463425 0.163242 -0.687282 -1.574953
62.527424 0.163249 -0.685674 -1.574953
62.591423 0.163256 -0.684066 -1.574952
62.655422 0.163262 -0.682459 -1.574952
62.719421 0.163269 -0.680851 -1.574951
62.783421 0.163276 -0.679243 -1.574951
62.847420 0.163282 -0.677636 -1.574950
62.911419 0.163289 -0.676028 -1.574949
62.975418 0.163296 -0.674420 -1.574949
63.039417 0.163303 -0.672813 -1.574948
63.103416 0.163309 -0.671205 -1.574948
63.167416 0.163316 -0.669597 -1.574947
63.231415 0.163323 -0.667990 -1.574947
63.295414 0.163329 -0.666382 -1.574946
63.359413 0.163336 -0.664774 -1.574945
63.423412 0.163343 -0.663167 -1.574945
63.487411 0.163349 -0.661559 -1.574944
63.551411 0.163356 -0.659951 -1.574943
63.615410 0.163363 -0.658344 -1.574943
63.679409 0.163369 -0.656736 -1.574943
63.743408 0.163376 -0.655128 -1.574942
63.807407 0.163383 -0.653521 -1.574942
63.871407 0.163389 -0.651913 -1.574941
63.935406 0.163396 -0.650305 -1.574941
63.999405 0.163403 -0.648698 -1.574941
64.063408 0.163409 -0.647090 -1.574941
64.127411 0.163416 -0.645482 -1.574941
64.191414 0.163423 -0.643875 -1.574940
64.255417 0.163429 -0.642267 -1.574940
64.319420 0.163436 -0.640659 -1.574940
64.383423 0.163443 -0.639052 -1.574940
64.447426 0.163449 -0.637444 -1.574940
64.511429 0.163456 -0.635836 -1.574941
64.575432 0.163462 -0.634229 -1.574941
64.639435 0.163469 -0.632621 -1.574941
64.703438 0.163476 -0.631013 -1.574941
64.767441 0.163482 -0.629406 -1.574941
64.831444 0.163489 -0.627798 -1.574942
64.895447 0.163496 -0.626190 -1.574942
64.959450 0.163502 -0.624583 -1.574943
65.023453 0.163509 -0.622975 -1.574943
65.087456 0.163516 -0.621367 -1.574943
65.151459 0.163522 -0.619760 -1.574944
65.215462 0.163529 -0.618152 -1.574944
65.279465 0.163536 -0.616544 -1.574945
65.343468 0.163542 -0.614937 -1.574946
65.407471 0.163549 -0.613329 -1.574946
65.471474 0.163556 -0.611721 -1.574947
65.535477 0.163563 -0.610114 -1.574947
65.599480 0.163569 -0.608506 -1.574948
65.663483 0.163576 -0.606898 -1.574949
65.727486 0.163583 -0.605291 -1.574949
65.791489 0.163589 -0.603683 -1.574950
65.855492 0.163596 -0.602075 -1.574950
65.919495 0.163603 -0.600468 -1.574951
65.983498 0.163609 -0.598860 -1.574951
66.047501 0.163616 -0.597252 -1.574952
66.111504 0.163623 -0.595645 -1.574952
66.175507 0.163629 -0.594037 -1.574953
66.239510 0.163636 -0.592429 -1.574953
66.303513 0.163643 -0.590822 -1.574954
66.367516 0.163649 -0.589214 -1.574954
66.431519 0.163656 -0.587606 -1.574954
66.495522 0.163663 -0.585999 -1.574955
66.559525 0.163669 -0.584391 -1.574955
66.623528 0.163676 -0.582783 -1.574955
66.687531 0.163683 -0.581176 -1.574955
66.751534 0.163689 -0.579568 -1.574955
66.815536 0.163696 -0.577960 -1.574955
66.879539 0.163703 -0.576353 -1.574955
66.943542 0.163709 -0.574745 -1.574955
67.007545 0.163716 -0.573137 -1.574955
67.071548 0.163723 -0.571530 -1.574955
67.135551 0.163730 -0.569922 -1.574955
67.199554 0.163736 -0.568314 -1.574955
67.263557 0.163743 -0.566707 -1.574954
67.327560 0.163750 -0.565099 -1.574954
67.391563 0.163756 -0.563491 -1.574954
67.455566 0.163763 -0.561884 -1.574953
67.519569 0.163770 -0.560276 -1.574953
67.583572 0.163776 -0.558668 -1.574952
67.647575 0.163783 -0.557061 -1.574952
67.711578 0.163790 -0.555453 -1.574951
67.775581 0.163796 -0.553845 -1.574951
67.839584 0.163803 -0.552238 -1.574950
67.903587 0.163810 -0.550630 -1.574949
67.967590 0.163816 -0.549022 -1.574949
68.031593 0.163823 -0.547415 -1.574948
68.095596 0.163830 -0.545807 -1.574948
68.159599 0.163836 -0.544199 -1.574947
68.223602 0.163843 -0.542592 -1.574947
68.287605 0.163850 -0.540984 -1.574946
68.351608 0.163856 -0.539376 -1.574945
68.415611 0.163863 -0.537769 -1.574945
68.479614 0.163870 -0.536161 -1.574944
68.543617 0.163876 -0.534553 -1.574944
68.607620 0.163883 -0.532946 -1.574943
68.671623 0.163890 -0.531338 -1.574943
68.735626 0.163896 -0.529730 -1.574942
68.799629 0.163903 -0.528123 -1.574942
68.863632 0.163910 -0.526515 -1.574941
68.927635 0.163916 -0.524907 -1.574941
68.991638 0.163923 -0.523300 -1.574941
69.055641 0.163930 -0.521692 -1.574941
69.119644 0.163936 -0.520084 -1.574941
69.183647 0.163943 -0.518477 -1.574940
69.247650 0.163950 -0.516869 -1.574940
69.311653 0.163956 -0.515261 -1.574940
69.375656 0.163963 -0.513654 -1.574940
69.439659 0.163970 -0.512046 -1.574940
69.503662 0.163976 -0.510438 -1.574940
69.567665 0.163983 -0.508831 -1.574941
69.631668 0.163990 -0.507223 -1.574941
69.695671 0.163996 -0.505615 -1.574941
69.759674 0.164003 -0.504008 -1.574941
69.823677 0.164010 -0.502400 -1.574942
69.887680 0.164016 -0.500792 -1.574942
69.951683 0.164023 -0.499185 -1.574942
70.015686 0.164030 -0.497577 -1.574943
70.079689 0.164036 -0.495969 -1.574943
70.143692 0.164043 -0.494362 -1.574944
70.207695 0.164050 -0.492754 -1.574944
70.271698 0.164056 -0.491146 -1.574945
70.335701 0.164063 -0.489539 -1.574945
70.399704 0.164070 -0.487931 -1.574946
70.463707 0.164076 -0.486323 -1.574946
70.527710 0.164083 -0.484716 -1.574947
70.591713 0.164090 -0.483108 -1.574948
70.655716 0.164096 -0.481500 -1.574949
70.719719 0.164103 -0.479893 -1.574949
70.783722 0.164110 -0.478285 -1.574950
70.847725 0.164116 -0.476677 -1.574950
70.911728 0.164123 -0.475070 -1.574951
70.975731 0.164130 -0.473462 -1.574951
71.039734 0.164136 -0.471854 -1.574952
71.103737 0.164143 -0.470247 -1.574952
71.167740 0.164150 -0.468639 -1.574953
71.231743 0.164157 -0.467031 -1.574953
71.295746 0.164163 -0.465424 -1.574953
71.359749 0.164170 -0.463816 -1.574954
71.423752 0.164177 -0.462208 -1.574954
71.487755 0.164183 -0.460601 -1.574955
71.551758 0.164190 -0.458993 -1.574955
71.615761 0.164197 -0.457385 -1.574955
71.679764 0.164203 -0.455778 -1.574955
71.743767 0.164210 -0.454170 -1.574955
71.807770 0.164217 -0.452562 -1.574955
71.871773 0.164223 -0.450955 -1.574956
71.935776 0.164230 -0.449347 -1.574955
71.999779 0.164237 -0.447739 -1.574955
72.063782 0.164243 -0.446132 -1.574955
72.127785 0.164250 -0.444524 -1.574955
72.191788 0.164257 -0.442916 -1.574955
72.255791 0.164263 -0.441309 -1.574955
72.319794 0.164270 -0.439701 -1.574954
72.383797 0.164277 -0.438093 -1.574954
72.447800 0.164284 -0.436486 -1.574953
72.511803 0.164290 -0.434878 -1.574953
72.575806 0.164297 -0.433270 -1.574952
72.639809 0.164304 -0.431663 -1.574952
72.703812 0.164310 -0.430055 -1.574951
72.767815 0.164317 -0.428447 -1.574951
72.831818 0.164324 -0.426840 -1.574950
72.895821 0.164330 -0.425232 -1.574949
72.959824 0.164337 -0.423624 -1.574949
73.023827 0.164344 -0.422017 -1.574948
73.087830 0.164350 -0.420409 -1.574948
73.151833 0.164357 -0.418801 -1.574947
73.215836 0.164364 -0.417194 -1.574947
73.279839 0.164370 -0.415586 -1.574946
73.343842 0.164377 -0.413978 -1.574945
73.407845 0.164384 -0.412371 -1.574945
73.471848 0.164390 -0.410763 -1.574944
73.535851 0.164397 -0.409155 -1.574944
73.599854 0.164404 -0.407548 -1.574943
73.663857 0.164410 -0.405940 -1.574943
73.727859 0.164417 -0.404332 -1.574942
73.791862 0.164424 -0.402725 -1.574942
73.855865 0.164430 -0.401117 -1.574942
73.919868 0.164437 -0.399509 -1.574941
73.983871 0.164444 -0.397902 -1.574941
74.047874 0.164450 -0.396294 -1.574941
74.111877 0.164457 -0.394686 -1.574940
74.175880 0.164464 -0.393079 -1.574940
74.239883 0.164470 -0.391471 -1.574940
74.303886 0.164477 -0.389863 -1.574940
74.367889 0.164484 -0.388256 -1.574940
74.431892 0.164490 -0.386648 -1.574940
74.495895 0.164497 -0.385040 -1.574940
74.559898 0.164504 -0.383433 -1.574940
74.623901 0.164510 -0.381825 -1.574941
74.687904 0.164517 -0.380217 -1.574941
74.751907 0.164524 -0.378610 -1.574941
74.815910 0.164530 -0.377002 -1.574942
74.879913 0.164537 -0.375394 -1.574942
74.943916 0.164544 -0.373787 -1.574942
75.007919 0.164550 -0.372179 -1.574943
75.071922 0.164557 -0.370571 -1.574943
75.135925 0.164564 -0.368964 -1.574944
75.199928 0.164570 -0.367356 -1.574944
75.263931 0.164577 -0.365748 -1.574945
75.327934 0.164584 -0.364141 -1.574945
75.391937 0.164590 -0.362533 -1.574946
75.455940 0.164597 -0.360925 -1.574946
75.519943 0.164604 -0.359318 -1.574947
75.583946 0.164610 -0.357710 -1.574948
75.647949 0.164617 -0.356102 -1.574949
75.711952 0.164624 -0.354495 -1.574949
75.775955 0.164630 -0.352887 -1.574949
75.839958 0.164637 -0.351279 -1.574950
75.903961 0.164644 -0.349672 -1.574951
75.967964 0.164650 -0.348064 -1.574951
76.031967 0.164657 -0.346456 -1.574952
76.095970 0.164664 -0.344849 -1.574952
76.159973 0.164670 -0.343241 -1.574953
76.223976 0.164677 -0.341633 -1.574953
76.287979 0.164684 -0.340026 -1.574954
76.351982 0.164690 -0.338418 -1.574954
76.415985 0.164697 -0.336810 -1.574955
76.479988 0.164704 -0.335203 -1.574955
76.543991 0.164711 -0.333595 -1.574955
76.607994 0.164717 -0.331987 -1.574955
76.671997 0.164724 -0.330380 -1.574955
76.736000 0.164731 -0.328772 -1.574955
76.800003 0.164737 -0.327164 -1.574955
76.864006 0.164744 -0.325557 -1.574956
76.928009 0.164751 -0.323949 -1.574955
76.992012 0.164757 -0.322341 -1.574955
77.056015 0.164764 -0.320734 -1.574955
77.120018 0.164771 -0.319126 -1.574955
77.184021 0.164777 -0.317518 -1.574955
77.248024 0.164784 -0.315911 -1.574955
77.312027 0.164791 -0.314303 -1.574954
77.376030 0.164797 -0.312695 -1.574954
77.440033 0.164804 -0.311088 -1.574953
77.504036 0.164811 -0.309480 -1.574953
77.568039 0.164817 -0.307872 -1.574952
77.632042 0.164824 -0.306265 -1.574952
77.696045 0.164831 -0.304657 -1.574951
77.760048 0.164838 -0.303049 -1.574951
77.824051 0.164844 -0.301442 -1.574950
77.888054 0.164851 -0.299834 -1.574950
77.952057 0.164858 -0.298226 -1.574949
78.016060 0.164864 -0.296619 -1.574949
78.080063 0.164871 -0.295011 -1.574948
78.144066 0.164878 -0.293403 -1.574948
78.208069 0.164884 -0.291796 -1.574947
78.272072 0.164891 -0.290188 -1.574946
78.336075 0.164898 -0.288580 -1.574945
78.400078 0.164904 -0.286973 -1.574945
78.464081 0.164911 -0.285365 -1.574944
78.528084 0.164918 -0.283757 -1.574944
78.592087 0.164924 -0.282150 -1.574943
78.656090 0.164931 -0.280542 -1.574943
78.720093 0.164938 -0.278934 -1.574942
78.784096 0.164944 -0.277327 -1.574942
78.848099 0.164951 -0.275719 -1.574942
78.912102 0.164958 -0.274111 -1.574942
78.976105 0.164964 -0.272504 -1.574941
79.040108 0.164971 -0.270896 -1.574941
79.104111 0.164978 -0.269288 -1.574940
79.168114 0.164984 -0.267681 -1.574940
79.232117 0.164991 -0.266073 -1.574940
79.296120 0.164998 -0.264465 -1.574940
79.360123 0.165004 -0.262858 -1.574940
79.424126 0.165011 -0.261250 -1.574940
79.488129 0.165018 -0.259642 -1.574940
79.552132 0.165024 -0.258035 -1.574940
79.616135 0.165031 -0.256427 -1.574941
79.680138 0.165038 -0.254819 -1.574941
79.744141 0.165044 -0.253212 -1.574941
79.808144 0.165051 -0.251604 -1.574942
79.872147 0.165058 -0.249996 -1.574942
79.936150 0.165064 -0.248389 -1.574942
80.000153 0.165071 -0.246781 -1.574943
80.064156 0.165078 -0.245173 -1.574943
80.128159 0.165084 -0.243566 -1.574944
80.192162 0.165091 -0.241958 -1.574944
80.256165 0.165098 -0.240350 -1.574945
80.320168 0.165104 -0.238743 -1.574945
80.384171 0.165111 -0.237135 -1.574946
80.448174 0.165118 -0.235527 -1.574946
80.512177 0.165124 -0.233920 -1.574947
80.576180 0.165131 -0.232312 -1.574948
80.640182 0.165138 -0.230704 -1.574948
80.704185 0.165144 -0.229097 -1.574949
80.768188 0.165151 -0.227489 -1.574949
80.832191 0.165158 -0.225881 -1.574950
80.896194 0.165164 -0.224274 -1.574951
80.960197 0.165171 -0.222666 -1.574951
81.024200 0.165178 -0.221058 -1.574952
81.088203 0.165184 -0.219451 -1.574952
81.152206 0.165191 -0.217843 -1.574952
81.216209 0.165198 -0.216235 -1.574953
81.280212 0.165204 -0.214628 -1.574954
81.344215 0.165211 -0.213020 -1.574954
81.408218 0.165218 -0.211412 -1.574954
81.472221 0.165224 -0.209805 -1.574955
81.536224 0.165231 -0.208197 -1.574955
81.600227 0.165238 -0.206589 -1.574955
81.664230 0.165244 -0.204982 -1.574955
81.728233 0.165251 -0.203374 -1.574955
81.792236 0.165258 -0.201766 -1.574955
81.856239 0.165265 -0.200159 -1.574955
81.920242 0.165271 -0.198551 -1.574955
81.984245 0.165278 -0.196943 -1.574955
82.048248 0.165285 -0.195336 -1.574955
82.112251 0.165291 -0.193728 -1.574955
82.176254 0.165298 -0.192120 -1.574955
82.240257 0.165305 -0.190513 -1.574955
82.304260 0.165311 -0.188905 -1.574954
82.368263 0.165318 -0.187297 -1.574954
82.432266 0.165325 -0.185690 -1.574953
82.496269 0.165331 -0.184082 -1.574953
82.560272 0.165338 -0.182474 -1.574953
82.624275 0.165345 -0.180867 -1.574952
82.688278 0.165351 -0.179259 -1.574952
82.752281 0.165358 -0.177651 -1.574951
82.816284 0.165365 -0.176044 -1.574950
82.880287 0.165371 -0.174436 -1.574950
82.944290 0.165378 -0.172828 -1.574949
83.008293 0.165385 -0.171221 -1.574949
83.072296 0.165391 -0.169613 -1.574948
83.136299 0.165398 -0.168005 -1.574947
83.200302 0.165405 -0.166398 -1.574947
83.264305 0.165411 -0.164790 -1.574946
83.328308 0.165418 -0.163182 -1.574945
83.392311 0.165425 -0.161575 -1.574945
83.456314 0.165431 -0.159967 -1.574944
83.520317 0.165438 -0.158359 -1.574944
83.584320 0.165445 -0.156752 -1.574943
83.648323 0.165451 -0.155144 -1.574943
83.712326 0.165458 -0.153536 -1.574942
83.776329 0.165465 -0.151929 -1.574942
83.840332 0.165471 -0.150321 -1.574942
83.904335 0.165478 -0.148713 -1.574942
83.968338 0.165485 -0.147106 -1.574941
84.032341 0.165491 -0.145498 -1.574941
84.096344 0.165498 -0.143890 -1.574940
84.160347 0.165505 -0.142283 -1.574940
84.224350 0.165511 -0.140675 -1.574940
84.288353 0.165518 -0.139067 -1.574940
84.352356 0.165525 -0.137460 -1.574940
84.416359 0.165531 -0.135852 -1.574940
84.480362 0.165538 -0.134244 -1.574940
84.544365 0.165545 -0.132637 -1.574940
84.608368 0.165551 -0.131029 -1.574941
84.672371 0.165558 -0.129421 -1.574941
84.736374 0.165565 -0.127814 -1.574941
84.800377 0.165571 -0.126206 -1.574941
84.864380 0.165578 -0.124598 -1.574942
84.928383 0.165585 -0.122991 -1.574942
84.992386 0.165591 -0.121383 -1.574943
85.056389 0.165598 -0.119775 -1.574943
85.120392 0.165605 -0.118168 -1.574944
85.184395 0.165611 -0.116560 -1.574944
85.248398 0.165618 -0.114952 -1.574944
85.312401 0.165625 -0.113345 -1.574945
85.376404 0.165631 -0.111737 -1.574946
85.440407 0.165638 -0.110129 -1.574946
85.504410 0.165645 -0.108522 -1.574947
85.568413 0.165651 -0.106914 -1.574948
85.632416 0.165658 -0.105306 -1.574948
85.696419 0.165665 -0.103699 -1.574949
85.760422 0.165671 -0.102091 -1.574949
85.824425 0.165678 -0.100483 -1.574950
85.888428 0.165685 -0.098876 -1.574950
85.952431 0.165692 -0.097268 -1.574951
86.016434 0.165698 -0.095660 -1.574951
86.080437 0.165705 -0.094053 -1.574952
86.144440 0.165712 -0.092445 -1.574952
86.208443 0.165718 -0.090837 -1.574953
86.272446 0.165725 -0.089230 -1.574954
86.336449 0.165732 -0.087622 -1.574954
86.400452 0.165738 -0.086014 -1.574954
86.464455 0.165733 -0.086014 -1.603172
86.528458 0.165733 -0.086014 -1.631402
86.592461 0.165738 -0.086014 -1.659611
86.656464 0.165740 -0.086016 -1.687903
86.720467 0.165740 -0.086018 -1.716227
86.784470 0.165739 -0.086021 -1.744564
86.848473 0.165738 -0.086024 -1.772888
86.912476 0.165738 -0.086027 -1.801200
86.976479 0.165739 -0.086029 -1.829499
87.040482 0.165739 -0.086031 -1.857787
87.104485 0.165740 -0.086033 -1.886067
87.168488 0.165741 -0.086035 -1.914338
87.232491 0.165742 -0.086037 -1.942603
87.296494 0.165742 -0.086038 -1.970862
87.360497 0.165742 -0.086039 -1.999117
87.424500 0.165741 -0.086040 -2.027367
87.488503 0.165740 -0.086041 -2.055613
87.552505 0.165740 -0.086042 -2.083856
87.616508 0.165740 -0.086042 -2.112096
87.680511 0.165740 -0.086043 -2.140334
87.744514 0.165741 -0.086045 -2.168569
87.808517 0.165741 -0.086046 -2.196801
87.872520 0.165742 -0.086047 -2.225032
87.936523 0.165742 -0.086048 -2.253261
88.000526 0.165743 -0.086049 -2.281488
88.064529 0.165743 -0.086050 -2.309714
88.128532 0.165742 -0.086049 -2.337938
88.192535 0.165742 -0.086048 -2.366161
88.256538 0.165742 -0.086047 -2.394382
88.320541 0.165741 -0.086046 -2.422603
88.384544 0.165741 -0.086045 -2.450822
88.448547 0.165741 -0.086044 -2.479040
88.512550 0.165741 -0.086044 -2.507258
88.576553 0.165741 -0.086044 -2.535475
88.640556 0.165742 -0.086044 -2.563691
88.704559 0.165742 -0.086044 -2.591906
88.768562 0.165742 -0.086044 -2.620120
88.832565 0.165742 -0.086044 -2.648334
88.896568 0.165742 -0.086044 -2.676547
88.960571 0.165742 -0.086043 -2.704760
89.024574 0.165742 -0.086043 -2.732972
89.088577 0.165741 -0.086042 -2.761184
89.152580 0.165741 -0.086041 -2.789395
89.216583 0.165740 -0.086041 -2.817606
89.280586 0.165740 -0.086040 -2.845817
89.344589 0.165740 -0.086041 -2.874027
89.408592 0.165740 -0.086041 -2.902238
89.472595 0.165740 -0.086041 -2.930447
89.536598 0.165740 -0.086042 -2.958657
89.600601 0.165740 -0.086042 -2.986867
89.664604 0.165739 -0.086042 -3.015076
89.728607 0.165739 -0.086042 -3.043285
89.792610 0.165739 -0.086042 -3.071494
89.856613 0.165738 -0.086041 -3.099703
89.920616 0.165738 -0.086040 -3.127912
89.984619 0.165738 -0.086040 3.127065
90.048622 0.167346 -0.086063 3.127100
90.112625 0.168954 -0.086086 3.127124
90.176628 0.170562 -0.086110 3.127139
90.240631 0.172169 -0.086133 3.127149
90.304634 0.173776 -0.086156 3.127155
90.368637 0.175383 -0.086179 3.127159
90.432640 0.176991 -0.086202 3.127161
90.496643 0.178598 -0.086225 3.127163
90.560646 0.180205 -0.086249 3.127164
90.624649 0.181813 -0.086272 3.127164
90.688652 0.183420 -0.086295 3.127164
90.752655 0.185028 -0.086318 3.127164
90.816658 0.186635 -0.086341 3.127164
90.880661 0.188243 -0.086365 3.127164
90.944664 0.189850 -0.086388 3.127164
91.008667 0.191458 -0.086411 3.127163
91.072670 0.193065 -0.086434 3.127163
91.136673 0.194673 -0.086457 3.127162
91.200676 0.196280 -0.086481 3.127162
91.264679 0.197888 -0.086504 3.127161
91.328682 0.199495 -0.086527 3.127161
91.392685 0.201103 -0.086550 3.127160
91.456688 0.202710 -0.086573 3.127160
91.520691 0.204318 -0.086597 3.127159
91.584694 0.205925 -0.086620 3.127158
91.648697 0.207533 -0.086643 3.127158
91.712700 0.209140 -0.086666 3.127157
91.776703 0.210748 -0.086689 3.127157
91.840706 0.212355 -0.086713 3.127156
91.904709 0.213963 -0.086736 3.127156
91.968712 0.215571 -0.086759 3.127155
92.032715 0.217178 -0.086782 3.127154
92.096718 0.218786 -0.086805 3.127154
92.160721 0.220393 -0.086829 3.127153
92.224724 0.222001 -0.086852 3.127153
92.288727 0.223608 -0.086875 3.127152
92.352730 0.225216 -0.086898 3.127152
92.416733 0.226823 -0.086921 3.127152
92.480736 0.228431 -0.086945 3.127151
92.544739 0.230038 -0.086968 3.127151
92.608742 0.231646 -0.086991 3.127151
92.672745 0.233253 -0.087014 3.127151
92.736748 0.234861 -0.087038 3.127150
92.800751 0.236468 -0.087061 3.127150
92.864754 0.238076 -0.087084 3.127150
92.928757 0.239683 -0.087107 3.127150
92.992760 0.241291 -0.087130 3.127150
93.056763 0.242898 -0.087154 3.127150
93.120766 0.244506 -0.087177 3.127150
93.184769 0.246113 -0.087200 3.127151
93.248772 0.247721 -0.087223 3.127151
93.312775 0.249328 -0.087247 3.127151
93.376778 0.250936 -0.087270 3.127151
93.440781 0.252543 -0.087293 3.127152
93.504784 0.254151 -0.087316 3.127152
93.568787 0.255758 -0.087339 3.127152
93.632790 0.257366 -0.087363 3.127153
93.696793 0.258973 -0.087386 3.127153
93.760796 0.260581 -0.087409 3.127154
93.824799 0.262188 -0.087432 3.127154
93.888802 0.263796 -0.087455 3.127155
93.952805 0.265403 -0.087479 3.127155
94.016808 0.267011 -0.087502 3.127156
94.080811 0.268618 -0.087525 3.127157
94.144814 0.270226 -0.087548 3.127157
94.208817 0.271833 -0.087572 3.127158
94.272820 0.273441 -0.087595 3.127158
94.336823 0.275048 -0.087618 3.127159
94.400826 0.276656 -0.087641 3.127160
94.464828 0.278263 -0.087664 3.127160
94.528831 0.279871 -0.087688 3.127161
94.592834 0.281478 -0.087711 3.127161
94.656837 0.283086 -0.087734 3.127162
94.720840 0.284694 -0.087757 3.127162
94.784843 0.286301 -0.087780 3.127163
94.848846 0.287909 -0.087804 3.127163
94.912849 0.289516 -0.087827 3.127163
94.976852 0.291124 -0.087850 3.127164
95.040855 0.292731 -0.087873 3.127164
95.104858 0.294339 -0.087896 3.127164
95.168861 0.295946 -0.087919 3.127165
95.232864 0.297554 -0.087943 3.127165
95.296867 0.299161 -0.087966 3.127165
95.360870 0.300769 -0.087989 3.127165
95.424873 0.302376 -0.088012 3.127165
95.488876 0.303984 -0.088035 3.127165
95.552879 0.305591 -0.088059 3.127165
95.616882 0.307199 -0.088082 3.127165
95.680885 0.308806 -0.088105 3.127165
95.744888 0.310414 -0.088128 3.127165
95.808891 0.312021 -0.088151 3.127164
95.872894 0.313629 -0.088175 3.127164
95.936897 0.315236 -0.088198 3.127164
96.000900 0.316844 -0.088221 3.127163
96.064903 0.318451 -0.088244 3.127163
96.128906 0.320059 -0.088267 3.127162
96.192909 0.321666 -0.088291 3.127162
96.256912 0.323274 -0.088314 3.127161
96.320915 0.324881 -0.088337 3.127161
96.384918 0.326489 -0.088360 3.127160
96.448921 0.328096 -0.088383 3.127160
96.512924 0.329704 -0.088407 3.127159
96.576927 0.331311 -0.088430 3.127159
96.640930 0.332919 -0.088453 3.127158
96.704933 0.334526 -0.088476 3.127157
96.768936 0.336134 -0.088499 3.127157
96.832939 0.337741 -0.088523 3.127156
96.896942 0.339349 -0.088546 3.127156
96.960945 0.340956 -0.088569 3.127155
97.024948 0.342564 -0.088592 3.127154
97.088951 0.344171 -0.088616 3.127154
97.152954 0.345779 -0.088639 3.127153
97.216957 0.347387 -0.088662 3.127153
97.280960 0.348994 -0.088685 3.127153
97.344963 0.350602 -0.088708 3.127152
97.408966 0.352209 -0.088732 3.127152
97.472969 0.353817 -0.088755 3.127151
97.536972 0.355424 -0.088778 3.127151
97.600975 0.357032 -0.088801 3.127151
97.664978 0.358639 -0.088824 3.127151
97.728981 0.360247 -0.088848 3.127150
97.792984 0.361854 -0.088871 3.127150
97.856987 0.363462 -0.088894 3.127150
97.920990 0.365069 -0.088917 3.127150
97.984993 0.366677 -0.088941 3.127150
98.048996 0.368284 -0.088964 3.127150
98.112999 0.369892 -0.088987 3.127150
98.177002 0.371499 -0.089010 3.127151
98.241005 0.373107 -0.089033 3.127151
98.305008 0.374714 -0.089057 3.127151
98.369011 0.376322 -0.089080 3.127151
98.433014 0.377929 -0.089103 3.127152
98.497017 0.379537 -0.089126 3.127152
98.561020 0.381144 -0.089149 3.127152
98.625023 0.382752 -0.089173 3.127153
98.689026 0.384359 -0.089196 3.127153
98.753029 0.385967 -0.089219 3.127154
98.817032 0.387574 -0.089242 3.127154
98.881035 0.389182 -0.089266 3.127155
98.945038 0.390789 -0.089289 3.127155
99.009041 0.392397 -0.089312 3.127156
99.073044 0.394004 -0.089335 3.127156
99.137047 0.395612 -0.089358 3.127157
99.201050 0.397219 -0.089382 3.127158
99.265053 0.398827 -0.089405 3.127158
99.329056 0.400434 -0.089428 3.127159
99.393059 0.402042 -0.089451 3.127159
99.457062 0.403649 -0.089474 3.127160
99.521065 0.405257 -0.089498 3.127161
99.585068 0.406864 -0.089521 3.127161
99.649071 0.408472 -0.089544 3.127162
99.713074 0.410079 -0.089567 3.127162
99.777077 0.411687 -0.089590 3.127163
99.841080 0.413295 -0.089614 3.127163
99.905083 0.414902 -0.089637 3.127163
99.969086 0.416510 -0.089660 3.127164
100.033089 0.418117 -0.089683 3.127164
100.097092 0.419725 -0.089706 3.127164
100.161095 0.421332 -0.089730 3.127165
100.225098 0.422940 -0.089753 3.127165
100.289101 0.424547 -0.089776 3.127165
100.353104 0.426155 -0.089799 3.127165
100.417107 0.427762 -0.089822 3.127165
100.481110 0.429370 -0.089846 3.127165
100.545113 0.430977 -0.089869 3.127165
100.609116 0.432585 -0.089892 3.127165
100.673119 0.434192 -0.089915 3.127165
100.737122 0.435800 -0.089938 3.127165
100.801125 0.437407 -0.089962 3.127164
100.865128 0.439015 -0.089985 3.127164
100.929131 0.440622 -0.090008 3.127164
100.993134 0.442230 -0.090031 3.127163
101.057137 0.443837 -0.090054 3.127163
101.121140 0.445445 -0.090078 3.127162
101.185143 0.447052 -0.090101 3.127162
101.249146 0.448660 -0.090124 3.127162
101.313148 0.450267 -0.090147 3.127161
101.377151 0.451875 -0.090170 3.127160
101.441154 0.453482 -0.090194 3.127160
101.505157 0.455090 -0.090217 3.127159
101.569160 0.456697 -0.090240 3.127159
101.633163 0.458305 -0.090263 3.127158
101.697166 0.458762 -0.090286 3.127471
101.761169 0.458364 -0.090308 3.127638
101.825172 0.456757 -0.090286 3.127638
101.889175 0.455150 -0.090264 3.127640
101.953178 0.453542 -0.090241 3.127640
102.017181 0.451935 -0.090219 3.127641
102.081184 0.450327 -0.090196 3.127642
102.145187 0.448720 -0.090174 3.127642
102.209190 0.447112 -0.090151 3.127643
102.273193 0.445505 -0.090129 3.127643
102.337196 0.443897 -0.090106 3.127643
102.401199 0.442290 -0.090084 3.127644
102.465202 0.440682 -0.090062 3.127644
102.529205 0.439075 -0.090039 3.127644
102.593208 0.439075 -0.090045 3.099440
102.657211 0.439075 -0.090047 3.071220
102.721214 0.439075 -0.090043 3.042997
102.785217 0.439075 -0.090041 3.014758
102.849220 0.439073 -0.090041 2.986471
102.913223 0.439071 -0.090043 2.958173
102.977226 0.439069 -0.090044 2.929873
103.041229 0.439067 -0.090044 2.901581
103.105232 0.439065 -0.090043 2.873296
103.169235 0.439064 -0.090042 2.845018
103.233238 0.439063 -0.090042 2.816746
103.297241 0.439061 -0.090041 2.788478
103.361244 0.439060 -0.090042 2.760215
103.425247 0.439059 -0.090042 2.731955
103.489250 0.439057 -0.090043 2.703698
103.553253 0.439056 -0.090044 2.675443
103.617256 0.439055 -0.090044 2.647190
103.681259 0.439055 -0.090044 2.618940
103.745262 0.439054 -0.090044 2.590691
103.809265 0.439054 -0.090043 2.562443
103.873268 0.439054 -0.090043 2.534196
103.937271 0.439053 -0.090042 2.505951
104.001274 0.439053 -0.090042 2.477706
104.065277 0.439052 -0.090042 2.449462
104.129280 0.439051 -0.090043 2.421219
104.193283 0.439050 -0.090044 2.392976
104.257286 0.439049 -0.090044 2.364734
104.321289 0.439048 -0.090045 2.336492
104.385292 0.439048 -0.090045 2.308251
104.449295 0.439048 -0.090045 2.280010
104.513298 0.439048 -0.090045 2.251770
104.577301 0.439048 -0.090044 2.223530
104.641304 0.439048 -0.090044 2.195290
104.705307 0.439048 -0.090044 2.167051
104.769310 0.439048 -0.090044 2.138812
104.833313 0.439047 -0.090044 2.110573
104.897316 0.439047 -0.090044 2.082335
104.961319 0.439046 -0.090045 2.054096
105.025322 0.439045 -0.090045 2.025858
105.089325 0.439044 -0.090045 1.997621
105.153328 0.439043 -0.090046 1.969383
105.217331 0.439043 -0.090046 1.941146
105.281334 0.439043 -0.090045 1.912909
105.345337 0.439043 -0.090045 1.884673
105.409340 0.439044 -0.090045 1.856437
105.473343 0.439044 -0.090045 1.828201
105.537346 0.439044 -0.090045 1.799966
105.601349 0.439044 -0.090045 1.771731
105.665352 0.439044 -0.090045 1.743496
105.729355 0.439043 -0.090045 1.715262
105.793358 0.439043 -0.090045 1.687029
105.857361 0.439043 -0.090045 1.658796
105.921364 0.439042 -0.090045 1.630563
105.985367 0.439042 -0.090045 1.602331
106.049370 0.439042 -0.090045 1.574099
106.113373 0.439043 -0.090045 1.545868
106.177376 0.439043 -0.090045 1.517637
106.241379 0.439044 -0.090045 1.489406
106.305382 0.439045 -0.090045 1.461175
106.369385 0.439045 -0.090046 1.432913
106.433388 0.439045 -0.090048 1.404599
106.497391 0.439045 -0.090051 1.376277
106.561394 0.439044 -0.090053 1.347959
106.625397 0.439043 -0.090055 1.319648
106.689400 0.439043 -0.090057 1.291343
106.753403 0.439042 -0.090059 1.263046
106.817406 0.439042 -0.090060 1.234755
106.881409 0.439042 -0.090062 1.206470
106.945412 0.439043 -0.090064 1.178190
107.009415 0.439043 -0.090065 1.149914
107.073418 0.439044 -0.090067 1.121642
107.137421 0.439045 -0.090068 1.093374
107.201424 0.439045 -0.090069 1.065108
107.265427 0.439045 -0.090070 1.036846
107.329430 0.439044 -0.090071 1.008588
107.393433 0.439044 -0.090071 0.980332
107.457436 0.439043 -0.090072 0.952078
107.521439 0.439043 -0.090072 0.923826
107.585442 0.439042 -0.090073 0.895576
107.649445 0.439042 -0.090073 0.867329
107.713448 0.439043 -0.090074 0.839084
107.777451 0.439043 -0.090075 0.810841
107.841454 0.439044 -0.090076 0.782600
107.905457 0.439045 -0.090077 0.754361
107.969460 0.439045 -0.090078 0.726123
108.033463 0.439045 -0.090079 0.697887
108.097466 0.439045 -0.090079 0.669654
108.161469 0.439045 -0.090079 0.641423
108.225471 0.439044 -0.090079 0.613192
108.289474 0.439044 -0.090078 0.584963
108.353477 0.439044 -0.090079 0.556735
108.417480 0.439044 -0.090079 0.528509
108.481483 0.439044 -0.090080 0.500285
108.545486 0.439045 -0.090080 0.472063
108.609489 0.439045 -0.090081 0.443842
108.673492 0.439046 -0.090082 0.415622
108.737495 0.439046 -0.090083 0.387402
108.801498 0.439046 -0.090083 0.359185
108.865501 0.439046 -0.090084 0.330970
108.929504 0.439046 -0.090083 0.302757
108.993507 0.439046 -0.090083 0.274545
109.057510 0.439046 -0.090083 0.246333
109.121513 0.439046 -0.090082 0.218121
109.185516 0.439046 -0.090082 0.189910
109.249519 0.439046 -0.090083 0.161702
109.313522 0.439047 -0.090083 0.133497
109.377525 0.439047 -0.090084 0.105294
109.441528 0.439047 -0.090085 0.077092
109.505531 0.439047 -0.090086 0.048887
109.569534 0.439047 -0.090087 0.020680
109.633537 0.439047 -0.090087 -0.007528
109.697540 0.437439 -0.090075 -0.011339
109.761543 0.435831 -0.090063 -0.011514
109.825546 0.434223 -0.090051 -0.009258
109.889549 0.432616 -0.090039 -0.007507
109.953552 0.431008 -0.090027 -0.008324
110.017555 0.429401 -0.090015 -0.007889
110.081558 0.427793 -0.090003 -0.007488
110.145561 0.426186 -0.089991 -0.007492
110.209564 0.424578 -0.089980 -0.007639
110.273567 0.422971 -0.089968 -0.007539
110.337570 0.421363 -0.089956 -0.007441
110.401573 0.419756 -0.089944 -0.007438
110.465576 0.418148 -0.089932 -0.007540
110.529579 0.416540 -0.089920 -0.007597
110.593582 0.414933 -0.089908 -0.007531
110.657585 0.413325 -0.089896 -0.007451
110.721588 0.411718 -0.089884 -0.007422
110.785591 0.410110 -0.089872 -0.007462
110.849594 0.408502 -0.089860 -0.007528
110.913597 0.406895 -0.089848 -0.007556
110.977600 0.405287 -0.089836 -0.007521
111.041603 0.403679 -0.089824 -0.007454
111.105606 0.402072 -0.089812 -0.007419
111.169609 0.400464 -0.089801 -0.007456
111.233612 0.398857 -0.089789 -0.007539
111.297615 0.397249 -0.089777 -0.007574
111.361618 0.395641 -0.089765 -0.007522
111.425621 0.394034 -0.089753 -0.007452
111.489624 0.392426 -0.089741 -0.007419
111.553627 0.390818 -0.089729 -0.007443
111.617630 0.389211 -0.089717 -0.007494
111.681633 0.387603 -0.089705 -0.007522
111.745636 0.385995 -0.089693 -0.007500
111.809639 0.384388 -0.089681 -0.007448
111.873642 0.382780 -0.089669 -0.007419
111.937645 0.381173 -0.089657 -0.007446
112.001648 0.379565 -0.089646 -0.007515
112.065651 0.377957 -0.089634 -0.007572
112.129654 0.376350 -0.089622 -0.007552
112.193657 0.374742 -0.089610 -0.007488
112.257660 0.373134 -0.089598 -0.007431
112.321663 0.371527 -0.089586 -0.007425
112.385666 0.369919 -0.089574 -0.007467
112.449669 0.368311 -0.089562 -0.007513
112.513672 0.366704 -0.089550 -0.007519
112.577675 0.365096 -0.089538 -0.007480
112.641678 0.363489 -0.089526 -0.007434
112.705681 0.361881 -0.089514 -0.007427
112.769684 0.360273 -0.089502 -0.007473
112.833687 0.358666 -0.089490 -0.007538
112.897690 0.357058 -0.089478 -0.007570
112.961693 0.355450 -0.089467 -0.007543
113.025696 0.353843 -0.089455 -0.007480
113.089699 0.352235 -0.089443 -0.007431
113.153702 0.350627 -0.089431 -0.007435
113.217705 0.349020 -0.089419 -0.007481
113.281708 0.347412 -0.089407 -0.007524
113.345711 0.345805 -0.089395 -0.007523
113.409714 0.344197 -0.089383 -0.007480
113.473717 0.342589 -0.089371 -0.007435
113.537720 0.340982 -0.089359 -0.007435
113.601723 0.339374 -0.089347 -0.007486
113.665726 0.337766 -0.089335 -0.007551
113.729729 0.336159 -0.089323 -0.007571
113.793732 0.334551 -0.089311 -0.007529
113.857735 0.332943 -0.089299 -0.007465
113.921738 0.331336 -0.089287 -0.007430
113.985741 0.329728 -0.089275 -0.007447
114.049744 0.328121 -0.089264 -0.007493
114.113747 0.326513 -0.089252 -0.007522
114.177750 0.324905 -0.089240 -0.007505
114.241753 0.323298 -0.089228 -0.007459
114.305756 0.321690 -0.089216 -0.007430
114.369759 0.320082 -0.089204 -0.007450
114.433762 0.318475 -0.089192 -0.007511
114.497765 0.316867 -0.089180 -0.007566
114.561768 0.315259 -0.089168 -0.007570
114.625771 0.313652 -0.089156 -0.007521
114.689774 0.312044 -0.089144 -0.007457
114.753777 0.310437 -0.089132 -0.007428
114.817780 0.308829 -0.089120 -0.007450
114.881783 0.307221 -0.089108 -0.007497
114.945786 0.305614 -0.089096 -0.007522
115.009789 0.304006 -0.089084 -0.007500
115.073792 0.302398 -0.089072 -0.007452
115.137794 0.300791 -0.089061 -0.007425
115.201797 0.299183 -0.089049 -0.007449
115.265800 0.297576 -0.089037 -0.007509
115.329803 0.295968 -0.089025 -0.007557
115.393806 0.294360 -0.089013 -0.007554
115.457809 0.292753 -0.089001 -0.007503
115.521812 0.291145 -0.088989 -0.007443
115.585815 0.289537 -0.088977 -0.007423
115.649818 0.287930 -0.088965 -0.007453
115.713821 0.286322 -0.088953 -0.007500
115.777824 0.284714 -0.088941 -0.007519
115.841827 0.283107 -0.088929 -0.007491
115.905830 0.281499 -0.088917 -0.007442
115.969833 0.279892 -0.088905 -0.007420
116.033836 0.278284 -0.088893 -0.007450
116.097839 0.276676 -0.088882 -0.007513
116.161842 0.275069 -0.088870 -0.007558
116.225845 0.273461 -0.088858 -0.007543
116.289848 0.271853 -0.088846 -0.007486
116.353851 0.270246 -0.088834 -0.007432
116.417854 0.268638 -0.088822 -0.007421
116.481857 0.267030 -0.088810 -0.007456
116.545860 0.265423 -0.088798 -0.007498
116.609863 0.263815 -0.088786 -0.007506
116.673866 0.262208 -0.088774 -0.007472
116.737869 0.260600 -0.088762 -0.007429
116.801872 0.258992 -0.088750 -0.007422
116.865875 0.257385 -0.088738 -0.007465
116.929878 0.255777 -0.088727 -0.007528
116.993881 0.254169 -0.088715 -0.007563
117.057884 0.252562 -0.088703 -0.007541
117.121887 0.250954 -0.088691 -0.007480
117.185890 0.249346 -0.088679 -0.007429
117.249893 0.247739 -0.088667 -0.007425
117.313896 0.246131 -0.088655 -0.007464
117.377899 0.244524 -0.088643 -0.007505
117.441902 0.242916 -0.088631 -0.007509
117.505905 0.241308 -0.088619 -0.007472
117.569908 0.239701 -0.088607 -0.007431
117.633911 0.238093 -0.088595 -0.007427
117.697914 0.236485 -0.088583 -0.007472
117.761917 0.234878 -0.088571 -0.007532
117.825920 0.233270 -0.088559 -0.007560
117.889923 0.231662 -0.088548 -0.007532
117.953926 0.230055 -0.088536 -0.007473
118.017929 0.228447 -0.088524 -0.007429
118.081932 0.226840 -0.088512 -0.007435
118.145935 0.225232 -0.088500 -0.007478
118.209938 0.223624 -0.088488 -0.007517
118.273941 0.222017 -0.088476 -0.007514
118.337944 0.220409 -0.088464 -0.007473
118.401947 0.218801 -0.088452 -0.007433
118.465950 0.217194 -0.088440 -0.007435
118.529953 0.215586 -0.088428 -0.007485
118.593956 0.213978 -0.088416 -0.007544
118.657959 0.212371 -0.088404 -0.007566
118.721962 0.210763 -0.088392 -0.007533
118.785965 0.209156 -0.088380 -0.007473
118.849968 0.207548 -0.088368 -0.007432
118.913971 0.205940 -0.088356 -0.007440
118.977974 0.204333 -0.088345 -0.007483
119.041977 0.202725 -0.088333 -0.007516
119.105980 0.201117 -0.088321 -0.007507
119.169983 0.199510 -0.088309 -0.007465
119.233986 0.197902 -0.088297 -0.007431
119.297989 0.196294 -0.088285 -0.007443
119.361992 0.194687 -0.088273 -0.007497
119.425995 0.193079 -0.088261 -0.007554
119.489998 0.191472 -0.088249 -0.007568
119.554001 0.189864 -0.088237 -0.007528
119.618004 0.188256 -0.088225 -0.007465
119.682007 0.186649 -0.088213 -0.007429
119.746010 0.185041 -0.088201 -0.007443
119.810013 0.183433 -0.088189 -0.007487
119.874016 0.181826 -0.088177 -0.007516
119.938019 0.180218 -0.088165 -0.007502
120.002022 0.178610 -0.088153 -0.007458
120.066025 0.177003 -0.088142 -0.007427
120.130028 0.175395 -0.088130 -0.007442
120.194031 0.173788 -0.088118 -0.007497
120.258034 0.172180 -0.088106 -0.007548
120.322037 0.170572 -0.088094 -0.007554
120.386040 0.168965 -0.088082 -0.007509
120.450043 0.167357 -0.088070 -0.007450
120.514046 0.165749 -0.088058 -0.007423
120.578049 0.164142 -0.088046 -0.007445
120.642052 0.162534 -0.088034 -0.007490
120.706055 0.160926 -0.088022 -0.007515
120.770058 0.159319 -0.088010 -0.007494
120.834061 0.157711 -0.087998 -0.007448
120.898064 0.156104 -0.087986 -0.007421
120.962067 0.154496 -0.087974 -0.007442
121.026070 0.152888 -0.087963 -0.007499
121.090073 0.151281 -0.087951 -0.007548
121.154076 0.149673 -0.087939 -0.007548
121.218079 0.148065 -0.087927 -0.007500
121.282082 0.146458 -0.087915 -0.007442
121.346085 0.144850 -0.087903 -0.007419
121.410088 0.143243 -0.087891 -0.007443
121.474091 0.141635 -0.087879 -0.007487
121.538094 0.140027 -0.087867 -0.007505
121.602097 0.138420 -0.087855 -0.007482
121.666100 0.136812 -0.087843 -0.007438
121.730103 0.135204 -0.087831 -0.007419
121.794106 0.133597 -0.087819 -0.007449
121.858109 0.131989 -0.087807 -0.007510
121.922112 0.130381 -0.087796 -0.007555
121.986115 0.128774 -0.087784 -0.007548
122.050117 0.127166 -0.087772 -0.007495
122.114120 0.125559 -0.087760 -0.007438
122.178123 0.123951 -0.087748 -0.007421
122.242126 0.122343 -0.087736 -0.007450
122.306129 0.120736 -0.087724 -0.007493
122.370132 0.119128 -0.087712 -0.007508
122.434135 0.117520 -0.087700 -0.007481
122.498138 0.115913 -0.087688 -0.007438
122.562141 0.114305 -0.087676 -0.007423
122.626144 0.112697 -0.087664 -0.007456
122.690147 0.111090 -0.087652 -0.007515
122.754150 0.109482 -0.087640 -0.007554
122.818153 0.107875 -0.087629 -0.007541
122.882156 0.106267 -0.087617 -0.007487
122.946159 0.104659 -0.087605 -0.007436
123.010162 0.103052 -0.087593 -0.007428
123.074165 0.101444 -0.087581 -0.007464
123.138168 0.099836 -0.087569 -0.007506
123.202171 0.098229 -0.087557 -0.007516
123.266174 0.096621 -0.087545 -0.007483
123.330177 0.095013 -0.087533 -0.007440
123.394180 0.093406 -0.087521 -0.007429
123.458183 0.091798 -0.087509 -0.007467
123.522186 0.090191 -0.087497 -0.007527
123.586189 0.088583 -0.087485 -0.007561
123.650192 0.086975 -0.087473 -0.007542
123.714195 0.085368 -0.087461 -0.007486
123.778198 0.083760 -0.087449 -0.007438
123.842201 0.082152 -0.087438 -0.007433
123.906204 0.080545 -0.087426 -0.007469
123.970207 0.078937 -0.087414 -0.007508
124.034210 0.077329 -0.087402 -0.007511
124.098213 0.075722 -0.087390 -0.007476
124.162216 0.074114 -0.087378 -0.007437
124.226219 0.072507 -0.087366 -0.007435
124.290222 0.070899 -0.087354 -0.007480
124.354225 0.069291 -0.087342 -0.007539
124.418228 0.067684 -0.087330 -0.007567
124.482231 0.066076 -0.087318 -0.007541
124.546234 0.064468 -0.087306 -0.007481
124.610237 0.062861 -0.087294 -0.007434
124.674240 0.061253 -0.087282 -0.007435
124.738243 0.059645 -0.087270 -0.007473
124.802246 0.058038 -0.087258 -0.007509
124.866249 0.056430 -0.087246 -0.007507
124.930252 0.054823 -0.087234 -0.007469
124.994255 0.053215 -0.087223 -0.007432
125.058258 0.051607 -0.087211 -0.007433
125.122261 0.050000 -0.087199 -0.007479
125.186264 0.048392 -0.087187 -0.007535
125.250267 0.046784 -0.087175 -0.007555
125.314270 0.045177 -0.087163 -0.007523
125.378273 0.043569 -0.087151 -0.007464
125.442276 0.041961 -0.087139 -0.007426
125.506279 0.040354 -0.087127 -0.007434
125.570282 0.038746 -0.087115 -0.007477
125.634285 0.037139 -0.087103 -0.007510
125.698288 0.035531 -0.087091 -0.007502
125.762291 0.033923 -0.087079 -0.007460
125.826294 0.032316 -0.087067 -0.007424
125.890297 0.030708 -0.087055 -0.007431
125.954300 0.029100 -0.087044 -0.007480
126.018303 0.027493 -0.087032 -0.007534
126.082306 0.025885 -0.087020 -0.007550
126.146309 0.024277 -0.087008 -0.007514
126.210312 0.022670 -0.086996 -0.007455
126.274315 0.021062 -0.086984 -0.007420
126.338318 0.019455 -0.086972 -0.007433
126.402321 0.017847 -0.086960 -0.007474
126.466324 0.016239 -0.086948 -0.007502
126.530327 0.014632 -0.086936 -0.007489
126.594330 0.013024 -0.086924 -0.007448
126.658333 0.011416 -0.086912 -0.007419
126.722336 0.009809 -0.086900 -0.007436
126.786339 0.008201 -0.086888 -0.007491
126.850342 0.006593 -0.086877 -0.007543
126.914345 0.004986 -0.086865 -0.007552
126.978348 0.003378 -0.086853 -0.007510
127.042351 0.001771 -0.086841 -0.007451
127.106354 0.000163 -0.086829 -0.007420
127.170357 -0.001445 -0.086817 -0.007437
127.234360 -0.003052 -0.086805 -0.007480
127.298363 -0.004660 -0.086793 -0.007505
127.362366 -0.006268 -0.086781 -0.007489
127.426369 -0.007875 -0.086769 -0.007447
127.490372 -0.009483 -0.086757 -0.007422
127.554375 -0.011091 -0.086745 -0.007442
127.618378 -0.012698 -0.086733 -0.007497
127.682381 -0.014306 -0.086721 -0.007544
127.746384 -0.015913 -0.086710 -0.007546
127.810387 -0.017521 -0.086698 -0.007501
127.874390 -0.019129 -0.086686 -0.007446
127.938393 -0.020736 -0.086674 -0.007425
128.002396 -0.022344 -0.086662 -0.007450
128.066391 -0.023952 -0.086650 -0.007494
128.130386 -0.025559 -0.086638 -0.007515
128.194382 -0.027167 -0.086626 -0.007493
128.258377 -0.028774 -0.086614 -0.007449
128.322372 -0.030382 -0.086602 -0.007427
128.386368 -0.031990 -0.086590 -0.007452
128.450363 -0.033597 -0.086578 -0.007508
128.514359 -0.035205 -0.086566 -0.007552
128.578354 -0.036813 -0.086554 -0.007548
128.642349 -0.038420 -0.086542 -0.007500
128.706345 -0.040028 -0.086530 -0.007447
128.770340 -0.041636 -0.086519 -0.007429
128.834335 -0.043243 -0.086507 -0.007456
128.898331 -0.044851 -0.086495 -0.007497
128.962326 -0.046458 -0.086483 -0.007512
129.026321 -0.048066 -0.086471 -0.007486
129.090317 -0.049674 -0.086459 -0.007445
129.154312 -0.051281 -0.086447 -0.007430
129.218307 -0.052889 -0.086435 -0.007463
129.282303 -0.054497 -0.086423 -0.007522
129.346298 -0.056104 -0.086411 -0.007561
129.410294 -0.057712 -0.086399 -0.007550
129.474289 -0.059320 -0.086387 -0.007497
129.538284 -0.060927 -0.086375 -0.007443
129.602280 -0.062535 -0.086363 -0.007430
129.666275 -0.064142 -0.086351 -0.007459
129.730270 -0.065750 -0.086339 -0.007499
129.794266 -0.067358 -0.086327 -0.007509
129.858261 -0.068965 -0.086315 -0.007480
129.922256 -0.070573 -0.086304 -0.007439
129.986252 -0.072181 -0.086292 -0.007428
130.050247 -0.073788 -0.086280 -0.007463
130.114243 -0.075396 -0.086268 -0.007519
130.178238 -0.077004 -0.086256 -0.007552
130.242233 -0.078611 -0.086244 -0.007534
130.306229 -0.080219 -0.086232 -0.007480
130.370224 -0.081826 -0.086220 -0.007432
130.434219 -0.083434 -0.086208 -0.007427
130.498215 -0.085042 -0.086196 -0.007463
130.562210 -0.086649 -0.086184 -0.007501
130.626205 -0.088257 -0.086172 -0.007506
130.690201 -0.089865 -0.086160 -0.007472
130.754196 -0.091472 -0.086148 -0.007431
130.818192 -0.093080 -0.086136 -0.007424
130.882187 -0.094688 -0.086125 -0.007463
130.946182 -0.096295 -0.086113 -0.007519
131.010178 -0.097903 -0.086101 -0.007547
131.074173 -0.099510 -0.086089 -0.007524
131.138168 -0.101118 -0.086077 -0.007469
131.202164 -0.102726 -0.086065 -0.007425
131.266159 -0.104333 -0.086053 -0.007425
131.330154 -0.105941 -0.086041 -0.007461
131.394150 -0.107549 -0.086029 -0.007496
131.458145 -0.109156 -0.086017 -0.007495
131.522141 -0.110764 -0.086005 -0.007459
131.586136 -0.112372 -0.085993 -0.007423
131.650131 -0.113979 -0.085981 -0.007426
131.714127 -0.115587 -0.085969 -0.007472
131.778122 -0.117194 -0.085958 -0.007529
131.842117 -0.118802 -0.085946 -0.007551
131.906113 -0.120410 -0.085934 -0.007522
131.970108 -0.122017 -0.085922 -0.007465
132.034103 -0.123625 -0.085910 -0.007423
132.098099 -0.125233 -0.085898 -0.007428
132.162094 -0.126840 -0.085886 -0.007466
132.226089 -0.128448 -0.085874 -0.007498
132.290085 -0.130056 -0.085862 -0.007494
132.354080 -0.131663 -0.085850 -0.007457
132.418076 -0.133271 -0.085838 -0.007424
132.482071 -0.134878 -0.085826 -0.007431
132.546066 -0.136486 -0.085814 -0.007479
132.610062 -0.138094 -0.085802 -0.007532
132.674057 -0.139701 -0.085791 -0.007548
132.738052 -0.141309 -0.085779 -0.007514
132.802048 -0.142917 -0.085767 -0.007458
132.866043 -0.144524 -0.085755 -0.007425
132.930038 -0.146132 -0.085743 -0.007438
132.994034 -0.147740 -0.085731 -0.007480
133.058029 -0.149347 -0.085719 -0.007510
133.122025 -0.150955 -0.085707 -0.007500
133.186020 -0.152562 -0.085695 -0.007459
133.250015 -0.154170 -0.085683 -0.007428
133.314011 -0.155778 -0.085671 -0.007440
